0.220105	0	-1	0	0.157079	5.03581	0.445369	20.8412	-74.9524	11.8013	-1486.14	31.2496	-329.508	0	0	0	0	0	0	0	0	0	0	0	0	0	0	0	0	0	0	0	0	0	0	0	0	0	0	0	0	0	0	0	0	0	0	0	0	0	0	0	0	0	0	0	0	0	0	0	0	0	0	0	0	0	0	0	0	0	0	0	0	0	0	0	0	0	0	0	0	0	0	0	0
0	0.157079	0	-1	0	3.48677	0.295758	62.327	-21.117	-10.6446	35.8417	-1512.32	-233.769	0	0	0	0	0	0	0	0	0	0	0	0	0	0	0	0	0	0	0	0	0	0	0	0	0	0	0	0	0	0	0	0	0	0	0	0	0	0	0	0	0	0	0	0	0	0	0	0	0	0	0	0	0	0	0	0	0	0	0	0	0	0	0	0	0	0	0	0	0	0	0	0
0.0834968	0	-1	0	0.164869	0.933762	0.0424409	8.61432	-79.6438	13.2335	-1553	8.85359	-129.347	0	0	0	0	0	0	0	0	0	0	0	0	0	0	0	0	0	0	0	0	0	0	0	0	0	0	0	0	0	0	0	0	0	0	0	0	0	0	0	0	0	0	0	0	0	0	0	0	0	0	0	0	0	0	0	0	0	0	0	0	0	0	0	0	0	0	0	0	0	0	0	0
0	0.164869	0	-1	0	1.76851	0.0767746	63.8233	-47.4968	-20.9895	13.7291	-1533.49	-252.822	0	0	0	0	0	0	0	0	0	0	0	0	0	0	0	0	0	0	0	0	0	0	0	0	0	0	0	0	0	0	0	0	0	0	0	0	0	0	0	0	0	0	0	0	0	0	0	0	0	0	0	0	0	0	0	0	0	0	0	0	0	0	0	0	0	0	0	0	0	0	0	0
-0.0564701	0	-1	0	0.170674	-0.59925	-0.0264409	-4.7976	-83.7933	21.3207	-1559.71	-14.7367	86.3918	0	0	0	0	0	0	0	0	0	0	0	0	0	0	0	0	0	0	0	0	0	0	0	0	0	0	0	0	0	0	0	0	0	0	0	0	0	0	0	0	0	0	0	0	0	0	0	0	0	0	0	0	0	0	0	0	0	0	0	0	0	0	0	0	0	0	0	0	0	0	0	0
0	0.170674	0	-1	0	1.74606	0.0726531	64.0654	-73.6385	-31.4217	-9.68415	-1534.36	-262.396	0	0	0	0	0	0	0	0	0	0	0	0	0	0	0	0	0	0	0	0	0	0	0	0	0	0	0	0	0	0	0	0	0	0	0	0	0	0	0	0	0	0	0	0	0	0	0	0	0	0	0	0	0	0	0	0	0	0	0	0	0	0	0	0	0	0	0	0	0	0	0	0
-0.194407	0	-1	0	0.174262	-4.14022	-0.345069	-17.6792	-87.1891	35.1267	-1505.84	-40.4129	291.802	0	0	0	0	0	0	0	0	0	0	0	0	0	0	0	0	0	0	0	0	0	0	0	0	0	0	0	0	0	0	0	0	0	0	0	0	0	0	0	0	0	0	0	0	0	0	0	0	0	0	0	0	0	0	0	0	0	0	0	0	0	0	0	0	0	0	0	0	0	0	0	0
0	0.174262	0	-1	0	3.61914	0.289484	62.9795	-98.6669	-41.1329	-35.2134	-1514.69	-261.351	0	0	0	0	0	0	0	0	0	0	0	0	0	0	0	0	0	0	0	0	0	0	0	0	0	0	0	0	0	0	0	0	0	0	0	0	0	0	0	0	0	0	0	0	0	0	0	0	0	0	0	0	0	0	0	0	0	0	0	0	0	0	0	0	0	0	0	0	0	0	0	0
0.231319	0	-1	0	0.0352534	4.06055	0.286191	16.4012	-53.5127	5.9846	-1589.37	3.25842	-373.318	0	0	0	0	0	0	0	0	0	0	0	0	0	0	0	0	0	0	0	0	0	0	0	0	0	0	0	0	0	0	0	0	0	0	0	0	0	0	0	0	0	0	0	0	0	0	0	0	0	0	0	0	0	0	0	0	0	0	0	0	0	0	0	0	0	0	0	0	0	0	0	0
0	0.0352534	0	-1	0	0.561838	0.0343295	36.6556	-26.0112	-7.74019	8.27538	-1647.73	-55.5495	0	0	0	0	0	0	0	0	0	0	0	0	0	0	0	0	0	0	0	0	0	0	0	0	0	0	0	0	0	0	0	0	0	0	0	0	0	0	0	0	0	0	0	0	0	0	0	0	0	0	0	0	0	0	0	0	0	0	0	0	0	0	0	0	0	0	0	0	0	0	0	0
0.084918	0	-1	0	0.0417058	0.373525	0.00705074	6.54183	-57.5886	7.59	-1668.25	-1.85291	-141.783	0	0	0	0	0	0	0	0	0	0	0	0	0	0	0	0	0	0	0	0	0	0	0	0	0	0	0	0	0	0	0	0	0	0	0	0	0	0	0	0	0	0	0	0	0	0	0	0	0	0	0	0	0	0	0	0	0	0	0	0	0	0	0	0	0	0	0	0	0	0	0	0
0	0.0417058	0	-1	0	0.162512	0.00280655	37.2252	-54.6499	-15.6363	3.47719	-1674.65	-67.993	0	0	0	0	0	0	0	0	0	0	0	0	0	0	0	0	0	0	0	0	0	0	0	0	0	0	0	0	0	0	0	0	0	0	0	0	0	0	0	0	0	0	0	0	0	0	0	0	0	0	0	0	0	0	0	0	0	0	0	0	0	0	0	0	0	0	0	0	0	0	0	0
-0.0654576	0	-1	0	0.0477075	-0.246626	-0.00387559	-4.35398	-61.4551	17.377	-1674.74	-8.67625	109.333	0	0	0	0	0	0	0	0	0	0	0	0	0	0	0	0	0	0	0	0	0	0	0	0	0	0	0	0	0	0	0	0	0	0	0	0	0	0	0	0	0	0	0	0	0	0	0	0	0	0	0	0	0	0	0	0	0	0	0	0	0	0	0	0	0	0	0	0	0	0	0	0
0	0.0477075	0	-1	0	0.160545	0.00234492	37.1887	-82.9985	-23.755	-3.16381	-1677.51	-78.2062	0	0	0	0	0	0	0	0	0	0	0	0	0	0	0	0	0	0	0	0	0	0	0	0	0	0	0	0	0	0	0	0	0	0	0	0	0	0	0	0	0	0	0	0	0	0	0	0	0	0	0	0	0	0	0	0	0	0	0	0	0	0	0	0	0	0	0	0	0	0	0	0
-0.213325	0	-1	0	0.0529975	-3.34054	-0.212774	-14.8396	-64.7987	34.1399	-1608.26	-17.5274	346.951	0	0	0	0	0	0	0	0	0	0	0	0	0	0	0	0	0	0	0	0	0	0	0	0	0	0	0	0	0	0	0	0	0	0	0	0	0	0	0	0	0	0	0	0	0	0	0	0	0	0	0	0	0	0	0	0	0	0	0	0	0	0	0	0	0	0	0	0	0	0	0	0
0	0.0529975	0	-1	0	0.780167	0.0456131	36.5039	-109.875	-31.6063	-11.8667	-1656.06	-84.849	0	0	0	0	0	0	0	0	0	0	0	0	0	0	0	0	0	0	0	0	0	0	0	0	0	0	0	0	0	0	0	0	0	0	0	0	0	0	0	0	0	0	0	0	0	0	0	0	0	0	0	0	0	0	0	0	0	0	0	0	0	0	0	0	0	0	0	0	0	0	0	0
0.241226	0	-1	0	-0.104225	5.39149	0.481244	9.45443	-28.6521	-0.606311	-1684.89	-36.395	-410.748	0	0	0	0	0	0	0	0	0	0	0	0	0	0	0	0	0	0	0	0	0	0	0	0	0	0	0	0	0	0	0	0	0	0	0	0	0	0	0	0	0	0	0	0	0	0	0	0	0	0	0	0	0	0	0	0	0	0	0	0	0	0	0	0	0	0	0	0	0	0	0	0
0	-0.104225	0	-1	0	-2.35593	-0.213059	14.1981	-29.931	-3.81715	-31.1228	-1741.66	179.513	0	0	0	0	0	0	0	0	0	0	0	0	0	0	0	0	0	0	0	0	0	0	0	0	0	0	0	0	0	0	0	0	0	0	0	0	0	0	0	0	0	0	0	0	0	0	0	0	0	0	0	0	0	0	0	0	0	0	0	0	0	0	0	0	0	0	0	0	0	0	0	0
0.0855225	0	-1	0	-0.0999711	0.610298	0.0189719	3.64899	-31.6963	1.12674	-1780.03	-15.7262	-150.996	0	0	0	0	0	0	0	0	0	0	0	0	0	0	0	0	0	0	0	0	0	0	0	0	0	0	0	0	0	0	0	0	0	0	0	0	0	0	0	0	0	0	0	0	0	0	0	0	0	0	0	0	0	0	0	0	0	0	0	0	0	0	0	0	0	0	0	0	0	0	0	0
0	-0.0999711	0	-1	0	-0.692063	-0.0209004	13.9029	-60.9272	-7.86809	-10.0759	-1776.98	179.407	0	0	0	0	0	0	0	0	0	0	0	0	0	0	0	0	0	0	0	0	0	0	0	0	0	0	0	0	0	0	0	0	0	0	0	0	0	0	0	0	0	0	0	0	0	0	0	0	0	0	0	0	0	0	0	0	0	0	0	0	0	0	0	0	0	0	0	0	0	0	0	0
-0.0749739	0	-1	0	-0.0938848	-0.476951	-0.0130949	-2.9069	-34.9261	12.6856	-1785.95	2.38208	134.089	0	0	0	0	0	0	0	0	0	0	0	0	0	0	0	0	0	0	0	0	0	0	0	0	0	0	0	0	0	0	0	0	0	0	0	0	0	0	0	0	0	0	0	0	0	0	0	0	0	0	0	0	0	0	0	0	0	0	0	0	0	0	0	0	0	0	0	0	0	0	0	0
0	-0.0938848	0	-1	0	-0.570919	-0.0151724	13.5012	-91.5258	-12.3389	8.23666	-1782.46	169.185	0	0	0	0	0	0	0	0	0	0	0	0	0	0	0	0	0	0	0	0	0	0	0	0	0	0	0	0	0	0	0	0	0	0	0	0	0	0	0	0	0	0	0	0	0	0	0	0	0	0	0	0	0	0	0	0	0	0	0	0	0	0	0	0	0	0	0	0	0	0	0	0
-0.232277	0	-1	0	-0.0862647	-4.66438	-0.377274	-9.26252	-37.8609	32.4561	-1701.87	18.7587	400.764	0	0	0	0	0	0	0	0	0	0	0	0	0	0	0	0	0	0	0	0	0	0	0	0	0	0	0	0	0	0	0	0	0	0	0	0	0	0	0	0	0	0	0	0	0	0	0	0	0	0	0	0	0	0	0	0	0	0	0	0	0	0	0	0	0	0	0	0	0	0	0	0
0	-0.0862647	0	-1	0	-1.74208	-0.142158	12.9977	-120.089	-17.2854	24.7818	-1757.89	150.46	0	0	0	0	0	0	0	0	0	0	0	0	0	0	0	0	0	0	0	0	0	0	0	0	0	0	0	0	0	0	0	0	0	0	0	0	0	0	0	0	0	0	0	0	0	0	0	0	0	0	0	0	0	0	0	0	0	0	0	0	0	0	0	0	0	0	0	0	0	0	0	0
0.256759	0	-1	0	0.0981431	6.07821	0.557501	0	0	0	0	0	0	17.1749	-73.3177	27.2101	-1464.39	21.3356	-383.072	0	0	0	0	0	0	0	0	0	0	0	0	0	0	0	0	0	0	0	0	0	0	0	0	0	0	0	0	0	0	0	0	0	0	0	0	0	0	0	0	0	0	0	0	0	0	0	0	0	0	0	0	0	0	0	0	0	0	0	0	0	0	0	0	0	0
0	0.0981431	0	-1	0	2.16926	0.179136	0	0	0	0	0	0	87.3918	-23.9946	-14.3133	25.7808	-1526.02	-145.227	0	0	0	0	0	0	0	0	0	0	0	0	0	0	0	0	0	0	0	0	0	0	0	0	0	0	0	0	0	0	0	0	0	0	0	0	0	0	0	0	0	0	0	0	0	0	0	0	0	0	0	0	0	0	0	0	0	0	0	0	0	0	0	0	0	0
0.121064	0	-1	0	0.0998576	1.0231	0.0361483	0	0	0	0	0	0	8.36485	-77.7452	29.3036	-1544.87	6.93957	-187.662	0	0	0	0	0	0	0	0	0	0	0	0	0	0	0	0	0	0	0	0	0	0	0	0	0	0	0	0	0	0	0	0	0	0	0	0	0	0	0	0	0	0	0	0	0	0	0	0	0	0	0	0	0	0	0	0	0	0	0	0	0	0	0	0	0	0
0	0.0998576	0	-1	0	0.740964	0.0222847	0	0	0	0	0	0	89.2635	-50.9132	-28.6333	11.773	-1551.39	-153.04	0	0	0	0	0	0	0	0	0	0	0	0	0	0	0	0	0	0	0	0	0	0	0	0	0	0	0	0	0	0	0	0	0	0	0	0	0	0	0	0	0	0	0	0	0	0	0	0	0	0	0	0	0	0	0	0	0	0	0	0	0	0	0	0	0	0
-0.0189304	0	-1	0	0.100335	-0.0825442	-0.00154187	0	0	0	0	0	0	-1.51146	-82.9048	37.6778	-1564.55	-6.88129	28.9964	0	0	0	0	0	0	0	0	0	0	0	0	0	0	0	0	0	0	0	0	0	0	0	0	0	0	0	0	0	0	0	0	0	0	0	0	0	0	0	0	0	0	0	0	0	0	0	0	0	0	0	0	0	0	0	0	0	0	0	0	0	0	0	0	0	0
0	0.100335	0	-1	0	0.358481	0.00540581	0	0	0	0	0	0	89.7948	-77.6631	-42.8638	-1.8109	-1556.67	-154.996	0	0	0	0	0	0	0	0	0	0	0	0	0	0	0	0	0	0	0	0	0	0	0	0	0	0	0	0	0	0	0	0	0	0	0	0	0	0	0	0	0	0	0	0	0	0	0	0	0	0	0	0	0	0	0	0	0	0	0	0	0	0	0	0	0	0
-0.157878	0	-1	0	0.099597	-1.78599	-0.083044	0	0	0	0	0	0	-11.1816	-88.6079	51.6871	-1525.43	-20.65	241.261	0	0	0	0	0	0	0	0	0	0	0	0	0	0	0	0	0	0	0	0	0	0	0	0	0	0	0	0	0	0	0	0	0	0	0	0	0	0	0	0	0	0	0	0	0	0	0	0	0	0	0	0	0	0	0	0	0	0	0	0	0	0	0	0	0	0
0	0.099597	0	-1	0	1.01833	0.0410574	0	0	0	0	0	0	89.0116	-103.378	-56.2568	-15.3954	-1542.35	-151.255	0	0	0	0	0	0	0	0	0	0	0	0	0	0	0	0	0	0	0	0	0	0	0	0	0	0	0	0	0	0	0	0	0	0	0	0	0	0	0	0	0	0	0	0	0	0	0	0	0	0	0	0	0	0	0	0	0	0	0	0	0	0	0	0	0	0
0.284541	0	-1	0	0.00431008	7.37869	0.750042	0	0	0	0	0	0	15.1039	-52.6752	16.7202	-1610.27	-4.74608	-470.143	0	0	0	0	0	0	0	0	0	0	0	0	0	0	0	0	0	0	0	0	0	0	0	0	0	0	0	0	0	0	0	0	0	0	0	0	0	0	0	0	0	0	0	0	0	0	0	0	0	0	0	0	0	0	0	0	0	0	0	0	0	0	0	0	0	0
0	0.00431008	0	-1	0	0.0217372	-0.0103494	0	0	0	0	0	0	60.1783	-29.5689	-12.832	0.174854	-1708.75	-5.33374	0	0	0	0	0	0	0	0	0	0	0	0	0	0	0	0	0	0	0	0	0	0	0	0	0	0	0	0	0	0	0	0	0	0	0	0	0	0	0	0	0	0	0	0	0	0	0	0	0	0	0	0	0	0	0	0	0	0	0	0	0	0	0	0	0	0
0.134123	0	-1	0	0.0044914	0.948863	0.0292995	0	0	0	0	0	0	7.38661	-56.7693	18.725	-1721.93	-5.26775	-232.045	0	0	0	0	0	0	0	0	0	0	0	0	0	0	0	0	0	0	0	0	0	0	0	0	0	0	0	0	0	0	0	0	0	0	0	0	0	0	0	0	0	0	0	0	0	0	0	0	0	0	0	0	0	0	0	0	0	0	0	0	0	0	0	0	0	0
0	0.00449141	0	-1	0	0.011033	-0.000193854	0	0	0	0	0	0	61.5842	-60.4371	-26.2894	0.162983	-1743.85	-5.49525	0	0	0	0	0	0	0	0	0	0	0	0	0	0	0	0	0	0	0	0	0	0	0	0	0	0	0	0	0	0	0	0	0	0	0	0	0	0	0	0	0	0	0	0	0	0	0	0	0	0	0	0	0	0	0	0	0	0	0	0	0	0	0	0	0	0
-0.0222647	0	-1	0	0.00466486	-0.0499537	-0.000265541	0	0	0	0	0	0	-1.40004	-62.2761	29.3744	-1748.85	-5.72347	38.8702	0	0	0	0	0	0	0	0	0	0	0	0	0	0	0	0	0	0	0	0	0	0	0	0	0	0	0	0	0	0	0	0	0	0	0	0	0	0	0	0	0	0	0	0	0	0	0	0	0	0	0	0	0	0	0	0	0	0	0	0	0	0	0	0	0	0
0	0.00466486	0	-1	0	0.00525633	1.88179e-05	0	0	0	0	0	0	62.0224	-91.083	-39.667	-0.0166027	-1751.19	-5.77567	0	0	0	0	0	0	0	0	0	0	0	0	0	0	0	0	0	0	0	0	0	0	0	0	0	0	0	0	0	0	0	0	0	0	0	0	0	0	0	0	0	0	0	0	0	0	0	0	0	0	0	0	0	0	0	0	0	0	0	0	0	0	0	0	0	0
-0.177201	0	-1	0	0.00481864	-1.92552	-0.0886696	0	0	0	0	0	0	-9.97982	-68.8406	47.645	-1694.28	-6.15425	302.867	0	0	0	0	0	0	0	0	0	0	0	0	0	0	0	0	0	0	0	0	0	0	0	0	0	0	0	0	0	0	0	0	0	0	0	0	0	0	0	0	0	0	0	0	0	0	0	0	0	0	0	0	0	0	0	0	0	0	0	0	0	0	0	0	0	0
0	0.00481864	0	-1	0	0.015682	-0.00107695	0	0	0	0	0	0	61.509	-120.105	-52.3554	-0.238473	-1731.53	-6.08593	0	0	0	0	0	0	0	0	0	0	0	0	0	0	0	0	0	0	0	0	0	0	0	0	0	0	0	0	0	0	0	0	0	0	0	0	0	0	0	0	0	0	0	0	0	0	0	0	0	0	0	0	0	0	0	0	0	0	0	0	0	0	0	0	0	0
0.316232	0	-1	0	-0.11224	11.8044	1.703	0	0	0	0	0	0	9.98351	-27.4144	3.62923	-1764.1	-57.008	-572.012	0	0	0	0	0	0	0	0	0	0	0	0	0	0	0	0	0	0	0	0	0	0	0	0	0	0	0	0	0	0	0	0	0	0	0	0	0	0	0	0	0	0	0	0	0	0	0	0	0	0	0	0	0	0	0	0	0	0	0	0	0	0	0	0	0	0
0	-0.11224	0	-1	0	-4.18675	-0.602576	0	0	0	0	0	0	30.011	-35.2388	-10.2616	-51.6699	-1888.31	206.252	0	0	0	0	0	0	0	0	0	0	0	0	0	0	0	0	0	0	0	0	0	0	0	0	0	0	0	0	0	0	0	0	0	0	0	0	0	0	0	0	0	0	0	0	0	0	0	0	0	0	0	0	0	0	0	0	0	0	0	0	0	0	0	0	0	0
0.149345	0	-1	0	-0.115209	1.91961	0.10489	0	0	0	0	0	0	4.92732	-30.3385	5.17358	-1927.06	-28.9497	-287.197	0	0	0	0	0	0	0	0	0	0	0	0	0	0	0	0	0	0	0	0	0	0	0	0	0	0	0	0	0	0	0	0	0	0	0	0	0	0	0	0	0	0	0	0	0	0	0	0	0	0	0	0	0	0	0	0	0	0	0	0	0	0	0	0	0	0
0	-0.115209	0	-1	0	-1.37503	-0.0691468	0	0	0	0	0	0	30.7883	-71.2081	-21.1722	-22.8998	-1940.41	225.921	0	0	0	0	0	0	0	0	0	0	0	0	0	0	0	0	0	0	0	0	0	0	0	0	0	0	0	0	0	0	0	0	0	0	0	0	0	0	0	0	0	0	0	0	0	0	0	0	0	0	0	0	0	0	0	0	0	0	0	0	0	0	0	0	0	0
-0.0262691	0	-1	0	-0.115684	-0.180152	-0.00509786	0	0	0	0	0	0	-0.981839	-35.7584	18.8169	-1965.79	-2.39023	52.0432	0	0	0	0	0	0	0	0	0	0	0	0	0	0	0	0	0	0	0	0	0	0	0	0	0	0	0	0	0	0	0	0	0	0	0	0	0	0	0	0	0	0	0	0	0	0	0	0	0	0	0	0	0	0	0	0	0	0	0	0	0	0	0	0	0	0
0	-0.115684	0	-1	0	-0.648815	-0.015796	0	0	0	0	0	0	31.0986	-106.834	-32.0749	3.97034	-1951.56	230.014	0	0	0	0	0	0	0	0	0	0	0	0	0	0	0	0	0	0	0	0	0	0	0	0	0	0	0	0	0	0	0	0	0	0	0	0	0	0	0	0	0	0	0	0	0	0	0	0	0	0	0	0	0	0	0	0	0	0	0	0	0	0	0	0	0	0
-0.199789	0	-1	0	-0.113767	-3.60179	-0.267794	0	0	0	0	0	0	-6.74306	-42.9656	42.8321	-1886	24.1811	379.78	0	0	0	0	0	0	0	0	0	0	0	0	0	0	0	0	0	0	0	0	0	0	0	0	0	0	0	0	0	0	0	0	0	0	0	0	0	0	0	0	0	0	0	0	0	0	0	0	0	0	0	0	0	0	0	0	0	0	0	0	0	0	0	0	0	0
0	-0.113767	0	-1	0	-1.96264	-0.138715	0	0	0	0	0	0	30.941	-139.715	-42.8334	30.7658	-1923.12	219.476	0	0	0	0	0	0	0	0	0	0	0	0	0	0	0	0	0	0	0	0	0	0	0	0	0	0	0	0	0	0	0	0	0	0	0	0	0	0	0	0	0	0	0	0	0	0	0	0	0	0	0	0	0	0	0	0	0	0	0	0	0	0	0	0	0	0
0.102759	0	-1	0	0.128503	0.8558	0.0283052	0	0	0	0	0	0	0	0	0	0	0	0	17.3079	-57.9929	14.1496	-1252.77	6.3617	-128.761	0	0	0	0	0	0	0	0	0	0	0	0	0	0	0	0	0	0	0	0	0	0	0	0	0	0	0	0	0	0	0	0	0	0	0	0	0	0	0	0	0	0	0	0	0	0	0	0	0	0	0	0	0	0	0	0	0	0	0	0
0	0.128503	0	-1	0	1.00732	0.030607	0	0	0	0	0	0	0	0	0	0	0	0	64.2335	-23.0204	-20.8199	10.3434	-1248.73	-159.939	0	0	0	0	0	0	0	0	0	0	0	0	0	0	0	0	0	0	0	0	0	0	0	0	0	0	0	0	0	0	0	0	0	0	0	0	0	0	0	0	0	0	0	0	0	0	0	0	0	0	0	0	0	0	0	0	0	0	0	0
-0.00649781	0	-1	0	0.129158	-0.0529542	-0.00173812	0	0	0	0	0	0	0	0	0	0	0	0	11.073	-60.2826	13.1812	-1305.09	-5.1228	8.07887	0	0	0	0	0	0	0	0	0	0	0	0	0	0	0	0	0	0	0	0	0	0	0	0	0	0	0	0	0	0	0	0	0	0	0	0	0	0	0	0	0	0	0	0	0	0	0	0	0	0	0	0	0	0	0	0	0	0	0	0
0	0.129158	0	-1	0	0.663186	0.013763	0	0	0	0	0	0	0	0	0	0	0	0	62.4204	-45.6488	-32.5826	-0.901408	-1292.19	-166.816	0	0	0	0	0	0	0	0	0	0	0	0	0	0	0	0	0	0	0	0	0	0	0	0	0	0	0	0	0	0	0	0	0	0	0	0	0	0	0	0	0	0	0	0	0	0	0	0	0	0	0	0	0	0	0	0	0	0	0	0
-0.122575	0	-1	0	0.128783	-1.2374	-0.0511169	0	0	0	0	0	0	0	0	0	0	0	0	4.24766	-63.8183	17.0412	-1327.63	-18.1686	162.164	0	0	0	0	0	0	0	0	0	0	0	0	0	0	0	0	0	0	0	0	0	0	0	0	0	0	0	0	0	0	0	0	0	0	0	0	0	0	0	0	0	0	0	0	0	0	0	0	0	0	0	0	0	0	0	0	0	0	0	0
0	0.128783	0	-1	0	1.2151	0.045577	0	0	0	0	0	0	0	0	0	0	0	0	59.8247	-69.3602	-44.7719	-13.7156	-1327.33	-169.905	0	0	0	0	0	0	0	0	0	0	0	0	0	0	0	0	0	0	0	0	0	0	0	0	0	0	0	0	0	0	0	0	0	0	0	0	0	0	0	0	0	0	0	0	0	0	0	0	0	0	0	0	0	0	0	0	0	0	0	0
-0.242739	0	-1	0	0.127142	-5.62811	-0.503655	0	0	0	0	0	0	0	0	0	0	0	0	-2.59746	-68.3665	25.9613	-1309.28	-33.3983	321.488	0	0	0	0	0	0	0	0	0	0	0	0	0	0	0	0	0	0	0	0	0	0	0	0	0	0	0	0	0	0	0	0	0	0	0	0	0	0	0	0	0	0	0	0	0	0	0	0	0	0	0	0	0	0	0	0	0	0	0	0
0	0.127142	0	-1	0	2.85092	0.24177	0	0	0	0	0	0	0	0	0	0	0	0	56.3593	-93.6112	-56.8289	-28.6891	-1350.74	-167.779	0	0	0	0	0	0	0	0	0	0	0	0	0	0	0	0	0	0	0	0	0	0	0	0	0	0	0	0	0	0	0	0	0	0	0	0	0	0	0	0	0	0	0	0	0	0	0	0	0	0	0	0	0	0	0	0	0	0	0	0
0.136224	0	-1	0	0.0495163	0.943062	0.0272355	0	0	0	0	0	0	0	0	0	0	0	0	13.7712	-39.6695	6.28521	-1349.12	1.08602	-184.568	0	0	0	0	0	0	0	0	0	0	0	0	0	0	0	0	0	0	0	0	0	0	0	0	0	0	0	0	0	0	0	0	0	0	0	0	0	0	0	0	0	0	0	0	0	0	0	0	0	0	0	0	0	0	0	0	0	0	0	0
0	0.0495163	0	-1	0	0.290015	0.0065997	0	0	0	0	0	0	0	0	0	0	0	0	41.8469	-26.007	-16.3189	5.38685	-1363.89	-66.1746	0	0	0	0	0	0	0	0	0	0	0	0	0	0	0	0	0	0	0	0	0	0	0	0	0	0	0	0	0	0	0	0	0	0	0	0	0	0	0	0	0	0	0	0	0	0	0	0	0	0	0	0	0	0	0	0	0	0	0	0
0.018925	0	-1	0	0.0473349	0.0313056	0.000209237	0	0	0	0	0	0	0	0	0	0	0	0	8.66897	-40.7512	4.11161	-1419.46	-4.083	-26.7533	0	0	0	0	0	0	0	0	0	0	0	0	0	0	0	0	0	0	0	0	0	0	0	0	0	0	0	0	0	0	0	0	0	0	0	0	0	0	0	0	0	0	0	0	0	0	0	0	0	0	0	0	0	0	0	0	0	0	0	0
0	0.0473349	0	-1	0	0.0664233	0.000396072	0	0	0	0	0	0	0	0	0	0	0	0	39.046	-51.386	-27.1568	0.506629	-1418.63	-65.9578	0	0	0	0	0	0	0	0	0	0	0	0	0	0	0	0	0	0	0	0	0	0	0	0	0	0	0	0	0	0	0	0	0	0	0	0	0	0	0	0	0	0	0	0	0	0	0	0	0	0	0	0	0	0	0	0	0	0	0	0
-0.107079	0	-1	0	0.0445529	-0.556279	-0.0126059	0	0	0	0	0	0	0	0	0	0	0	0	3.15196	-43.4444	7.99952	-1453.75	-9.32327	156.127	0	0	0	0	0	0	0	0	0	0	0	0	0	0	0	0	0	0	0	0	0	0	0	0	0	0	0	0	0	0	0	0	0	0	0	0	0	0	0	0	0	0	0	0	0	0	0	0	0	0	0	0	0	0	0	0	0	0	0	0
0	0.0445529	0	-1	0	0.210294	0.00435037	0	0	0	0	0	0	0	0	0	0	0	0	35.6241	-78.1658	-38.3795	-4.4685	-1463.6	-63.608	0	0	0	0	0	0	0	0	0	0	0	0	0	0	0	0	0	0	0	0	0	0	0	0	0	0	0	0	0	0	0	0	0	0	0	0	0	0	0	0	0	0	0	0	0	0	0	0	0	0	0	0	0	0	0	0	0	0	0	0
-0.238522	0	-1	0	0.0411406	-4.38907	-0.320786	0	0	0	0	0	0	0	0	0	0	0	0	-2.26919	-47.6353	18.5951	-1437.35	-14.6991	348.851	0	0	0	0	0	0	0	0	0	0	0	0	0	0	0	0	0	0	0	0	0	0	0	0	0	0	0	0	0	0	0	0	0	0	0	0	0	0	0	0	0	0	0	0	0	0	0	0	0	0	0	0	0	0	0	0	0	0	0	0
0	0.0411405	0	-1	0	0.725683	0.0498728	0	0	0	0	0	0	0	0	0	0	0	0	31.5837	-105.567	-49.5285	-9.56606	-1494.31	-58.8189	0	0	0	0	0	0	0	0	0	0	0	0	0	0	0	0	0	0	0	0	0	0	0	0	0	0	0	0	0	0	0	0	0	0	0	0	0	0	0	0	0	0	0	0	0	0	0	0	0	0	0	0	0	0	0	0	0	0	0	0
0.174628	0	-1	0	-0.0434014	1.83575	0.0800135	0	0	0	0	0	0	0	0	0	0	0	0	7.88779	-18.5789	-2.63137	-1449.67	-12.5707	-254.635	0	0	0	0	0	0	0	0	0	0	0	0	0	0	0	0	0	0	0	0	0	0	0	0	0	0	0	0	0	0	0	0	0	0	0	0	0	0	0	0	0	0	0	0	0	0	0	0	0	0	0	0	0	0	0	0	0	0	0	0
0	-0.0434014	0	-1	0	-0.480966	-0.022251	0	0	0	0	0	0	0	0	0	0	0	0	18.3889	-28.2876	-11.3952	-7.97492	-1477.69	64.7287	0	0	0	0	0	0	0	0	0	0	0	0	0	0	0	0	0	0	0	0	0	0	0	0	0	0	0	0	0	0	0	0	0	0	0	0	0	0	0	0	0	0	0	0	0	0	0	0	0	0	0	0	0	0	0	0	0	0	0	0
0.0489405	0	-1	0	-0.0499592	0.152858	0.00191509	0	0	0	0	0	0	0	0	0	0	0	0	4.63569	-17.7049	-6.66554	-1544.79	-7.73303	-74.8346	0	0	0	0	0	0	0	0	0	0	0	0	0	0	0	0	0	0	0	0	0	0	0	0	0	0	0	0	0	0	0	0	0	0	0	0	0	0	0	0	0	0	0	0	0	0	0	0	0	0	0	0	0	0	0	0	0	0	0	0
0	-0.0499592	0	-1	0	-0.128806	-0.00145062	0	0	0	0	0	0	0	0	0	0	0	0	14.5096	-56.8729	-20.4148	-2.78217	-1545.39	78.7682	0	0	0	0	0	0	0	0	0	0	0	0	0	0	0	0	0	0	0	0	0	0	0	0	0	0	0	0	0	0	0	0	0	0	0	0	0	0	0	0	0	0	0	0	0	0	0	0	0	0	0	0	0	0	0	0	0	0	0	0
-0.0878838	0	-1	0	-0.0564733	-0.413697	-0.00842146	0	0	0	0	0	0	0	0	0	0	0	0	1.47233	-18.8054	-3.16505	-1595.31	-0.300517	141.029	0	0	0	0	0	0	0	0	0	0	0	0	0	0	0	0	0	0	0	0	0	0	0	0	0	0	0	0	0	0	0	0	0	0	0	0	0	0	0	0	0	0	0	0	0	0	0	0	0	0	0	0	0	0	0	0	0	0	0	0
0	-0.0564733	0	-1	0	-0.223806	-0.00391084	0	0	0	0	0	0	0	0	0	0	0	0	10.1926	-87.3144	-29.5532	4.95177	-1600.88	92.0742	0	0	0	0	0	0	0	0	0	0	0	0	0	0	0	0	0	0	0	0	0	0	0	0	0	0	0	0	0	0	0	0	0	0	0	0	0	0	0	0	0	0	0	0	0	0	0	0	0	0	0	0	0	0	0	0	0	0	0	0
-0.231841	0	-1	0	-0.0625924	-4.29781	-0.319716	0	0	0	0	0	0	0	0	0	0	0	0	-1.18105	-21.9398	9.13094	-1581.35	10.8854	372.872	0	0	0	0	0	0	0	0	0	0	0	0	0	0	0	0	0	0	0	0	0	0	0	0	0	0	0	0	0	0	0	0	0	0	0	0	0	0	0	0	0	0	0	0	0	0	0	0	0	0	0	0	0	0	0	0	0	0	0	0
0	-0.0625924	0	-1	0	-1.11114	-0.0779858	0	0	0	0	0	0	0	0	0	0	0	0	5.5423	-118.466	-38.5312	16.427	-1637.89	102.53	0	0	0	0	0	0	0	0	0	0	0	0	0	0	0	0	0	0	0	0	0	0	0	0	0	0	0	0	0	0	0	0	0	0	0	0	0	0	0	0	0	0	0	0	0	0	0	0	0	0	0	0	0	0	0	0	0	0	0	0
0.0419116	0	-1	0	0.0822593	0.119865	0.00143688	0	0	0	0	0	0	0	0	0	0	0	0	0	0	0	0	0	0	24.7135	-57.2183	-0.561235	-1308.17	-1.81322	-54.5507	0	0	0	0	0	0	0	0	0	0	0	0	0	0	0	0	0	0	0	0	0	0	0	0	0	0	0	0	0	0	0	0	0	0	0	0	0	0	0	0	0	0	0	0	0	0	0	0	0	0	0	0	0	0
0	0.0822593	0	-1	0	0.247413	0.0031735	0	0	0	0	0	0	0	0	0	0	0	0	0	0	0	0	0	0	45.6654	-27.3344	-20.1818	2.42206	-1304.25	-106.638	0	0	0	0	0	0	0	0	0	0	0	0	0	0	0	0	0	0	0	0	0	0	0	0	0	0	0	0	0	0	0	0	0	0	0	0	0	0	0	0	0	0	0	0	0	0	0	0	0	0	0	0	0	0
-0.0655653	0	-1	0	0.0814184	-0.292467	-0.00567135	0	0	0	0	0	0	0	0	0	0	0	0	0	0	0	0	0	0	16.9095	-60.306	-4.49588	-1380.37	-9.53382	90.6228	0	0	0	0	0	0	0	0	0	0	0	0	0	0	0	0	0	0	0	0	0	0	0	0	0	0	0	0	0	0	0	0	0	0	0	0	0	0	0	0	0	0	0	0	0	0	0	0	0	0	0	0	0	0
0	0.0814184	0	-1	0	0.332568	0.00596318	0	0	0	0	0	0	0	0	0	0	0	0	0	0	0	0	0	0	40.5692	-52.1617	-28.1602	-4.98352	-1378.75	-111.279	0	0	0	0	0	0	0	0	0	0	0	0	0	0	0	0	0	0	0	0	0	0	0	0	0	0	0	0	0	0	0	0	0	0	0	0	0	0	0	0	0	0	0	0	0	0	0	0	0	0	0	0	0	0
-0.184398	0	-1	0	0.0797749	-2.37124	-0.12435	0	0	0	0	0	0	0	0	0	0	0	0	0	0	0	0	0	0	7.99113	-64.211	-2.96205	-1422.22	-19.1048	264.636	0	0	0	0	0	0	0	0	0	0	0	0	0	0	0	0	0	0	0	0	0	0	0	0	0	0	0	0	0	0	0	0	0	0	0	0	0	0	0	0	0	0	0	0	0	0	0	0	0	0	0	0	0	0
0	0.0797749	0	-1	0	1.02254	0.0533117	0	0	0	0	0	0	0	0	0	0	0	0	0	0	0	0	0	0	34.4464	-79.3642	-36.7126	-14.222	-1449.38	-113.206	0	0	0	0	0	0	0	0	0	0	0	0	0	0	0	0	0	0	0	0	0	0	0	0	0	0	0	0	0	0	0	0	0	0	0	0	0	0	0	0	0	0	0	0	0	0	0	0	0	0	0	0	0	0
-0.312236	0	-1	0	0.0770318	-10.2763	-1.28762	0	0	0	0	0	0	0	0	0	0	0	0	0	0	0	0	0	0	-1.37862	-68.3018	5.37563	-1408.12	-31.3599	453.211	0	0	0	0	0	0	0	0	0	0	0	0	0	0	0	0	0	0	0	0	0	0	0	0	0	0	0	0	0	0	0	0	0	0	0	0	0	0	0	0	0	0	0	0	0	0	0	0	0	0	0	0	0	0
0	0.0770318	0	-1	0	2.53032	0.31582	0	0	0	0	0	0	0	0	0	0	0	0	0	0	0	0	0	0	27.2011	-108.345	-45.4035	-26.0891	-1509.23	-110.48	0	0	0	0	0	0	0	0	0	0	0	0	0	0	0	0	0	0	0	0	0	0	0	0	0	0	0	0	0	0	0	0	0	0	0	0	0	0	0	0	0	0	0	0	0	0	0	0	0	0	0	0	0	0
0.0791341	0	-1	0	-0.0180881	0.23444	0.00305014	0	0	0	0	0	0	0	0	0	0	0	0	0	0	0	0	0	0	18.4686	-38.0193	-5.66326	-1379.07	-6.14889	-108.495	0	0	0	0	0	0	0	0	0	0	0	0	0	0	0	0	0	0	0	0	0	0	0	0	0	0	0	0	0	0	0	0	0	0	0	0	0	0	0	0	0	0	0	0	0	0	0	0	0	0	0	0	0	0
0	-0.0180881	0	-1	0	-0.0715689	-0.00109756	0	0	0	0	0	0	0	0	0	0	0	0	0	0	0	0	0	0	25.0989	-29.4177	-12.5638	-1.72556	-1384.16	25.8721	0	0	0	0	0	0	0	0	0	0	0	0	0	0	0	0	0	0	0	0	0	0	0	0	0	0	0	0	0	0	0	0	0	0	0	0	0	0	0	0	0	0	0	0	0	0	0	0	0	0	0	0	0	0
-0.0326882	0	-1	0	-0.0251192	-0.0535493	-0.000318411	0	0	0	0	0	0	0	0	0	0	0	0	0	0	0	0	0	0	12.2307	-39.0789	-11.6795	-1470.4	-4.38494	48.9862	0	0	0	0	0	0	0	0	0	0	0	0	0	0	0	0	0	0	0	0	0	0	0	0	0	0	0	0	0	0	0	0	0	0	0	0	0	0	0	0	0	0	0	0	0	0	0	0	0	0	0	0	0	0
0	-0.0251192	0	-1	0	-0.0332634	-0.000172796	0	0	0	0	0	0	0	0	0	0	0	0	0	0	0	0	0	0	18.5104	-56.4504	-18.0062	0.39017	-1470.95	38.1045	0	0	0	0	0	0	0	0	0	0	0	0	0	0	0	0	0	0	0	0	0	0	0	0	0	0	0	0	0	0	0	0	0	0	0	0	0	0	0	0	0	0	0	0	0	0	0	0	0	0	0	0	0	0
-0.157995	0	-1	0	-0.0327767	-1.39461	-0.0517653	0	0	0	0	0	0	0	0	0	0	0	0	0	0	0	0	0	0	5.4037	-40.8687	-11.5523	-1529.83	-0.119578	244.414	0	0	0	0	0	0	0	0	0	0	0	0	0	0	0	0	0	0	0	0	0	0	0	0	0	0	0	0	0	0	0	0	0	0	0	0	0	0	0	0	0	0	0	0	0	0	0	0	0	0	0	0	0	0
0	-0.0327767	0	-1	0	-0.249675	-0.00761199	0	0	0	0	0	0	0	0	0	0	0	0	0	0	0	0	0	0	10.9795	-86.3285	-23.5016	5.00758	-1554.31	51.9715	0	0	0	0	0	0	0	0	0	0	0	0	0	0	0	0	0	0	0	0	0	0	0	0	0	0	0	0	0	0	0	0	0	0	0	0	0	0	0	0	0	0	0	0	0	0	0	0	0	0	0	0	0	0
-0.294528	0	-1	0	-0.0408097	-8.31156	-0.9078	0	0	0	0	0	0	0	0	0	0	0	0	0	0	0	0	0	0	-1.34465	-42.8727	-3.12173	-1527.25	8.4218	463.374	0	0	0	0	0	0	0	0	0	0	0	0	0	0	0	0	0	0	0	0	0	0	0	0	0	0	0	0	0	0	0	0	0	0	0	0	0	0	0	0	0	0	0	0	0	0	0	0	0	0	0	0	0	0
0	-0.0408097	0	-1	0	-1.09257	-0.110283	0	0	0	0	0	0	0	0	0	0	0	0	0	0	0	0	0	0	2.59538	-118.241	-28.7808	13.9163	-1625.96	65.7933	0	0	0	0	0	0	0	0	0	0	0	0	0	0	0	0	0	0	0	0	0	0	0	0	0	0	0	0	0	0	0	0	0	0	0	0	0	0	0	0	0	0	0	0	0	0	0	0	0	0	0	0	0	0
0.11983	0	-1	0	-0.129464	1.21567	0.0513966	0	0	0	0	0	0	0	0	0	0	0	0	0	0	0	0	0	0	9.42079	-17.2064	-10.5988	-1442.39	-19.7253	-170.993	0	0	0	0	0	0	0	0	0	0	0	0	0	0	0	0	0	0	0	0	0	0	0	0	0	0	0	0	0	0	0	0	0	0	0	0	0	0	0	0	0	0	0	0	0	0	0	0	0	0	0	0	0	0
0	-0.129464	0	-1	0	-1.31739	-0.055673	0	0	0	0	0	0	0	0	0	0	0	0	0	0	0	0	0	0	6.94255	-29.3746	-5.63503	-15.2158	-1439.61	187.33	0	0	0	0	0	0	0	0	0	0	0	0	0	0	0	0	0	0	0	0	0	0	0	0	0	0	0	0	0	0	0	0	0	0	0	0	0	0	0	0	0	0	0	0	0	0	0	0	0	0	0	0	0	0
0.00456758	0	-1	0	-0.144606	0.0648265	0.00317963	0	0	0	0	0	0	0	0	0	0	0	0	0	0	0	0	0	0	5.19347	-15.5404	-19.296	-1555.65	-5.97121	-5.24024	0	0	0	0	0	0	0	0	0	0	0	0	0	0	0	0	0	0	0	0	0	0	0	0	0	0	0	0	0	0	0	0	0	0	0	0	0	0	0	0	0	0	0	0	0	0	0	0	0	0	0	0	0	0
0	-0.144606	0	-1	0	-1.04757	-0.0322657	0	0	0	0	0	0	0	0	0	0	0	0	0	0	0	0	0	0	-0.591925	-58.2748	-7.82879	-1.07022	-1534.54	224.54	0	0	0	0	0	0	0	0	0	0	0	0	0	0	0	0	0	0	0	0	0	0	0	0	0	0	0	0	0	0	0	0	0	0	0	0	0	0	0	0	0	0	0	0	0	0	0	0	0	0	0	0	0	0
-0.12633	0	-1	0	-0.160252	-1.69575	-0.0919938	0	0	0	0	0	0	0	0	0	0	0	0	0	0	0	0	0	0	1.36639	-14.2267	-21.4229	-1634.76	16.6277	207.54	0	0	0	0	0	0	0	0	0	0	0	0	0	0	0	0	0	0	0	0	0	0	0	0	0	0	0	0	0	0	0	0	0	0	0	0	0	0	0	0	0	0	0	0	0	0	0	0	0	0	0	0	0	0
0	-0.160252	0	-1	0	-2.13135	-0.114865	0	0	0	0	0	0	0	0	0	0	0	0	0	0	0	0	0	0	-8.87667	-90.4498	-9.12573	21.8962	-1624.24	262.386	0	0	0	0	0	0	0	0	0	0	0	0	0	0	0	0	0	0	0	0	0	0	0	0	0	0	0	0	0	0	0	0	0	0	0	0	0	0	0	0	0	0	0	0	0	0	0	0	0	0	0	0	0	0
-0.270542	0	-1	0	-0.175335	-9.13474	-1.18019	0	0	0	0	0	0	0	0	0	0	0	0	0	0	0	0	0	0	-1.2176	-12.7623	-13.9672	-1643.24	54.1789	451.235	0	0	0	0	0	0	0	0	0	0	0	0	0	0	0	0	0	0	0	0	0	0	0	0	0	0	0	0	0	0	0	0	0	0	0	0	0	0	0	0	0	0	0	0	0	0	0	0	0	0	0	0	0	0
0	-0.175335	0	-1	0	-5.83141	-0.739506	0	0	0	0	0	0	0	0	0	0	0	0	0	0	0	0	0	0	-17.6333	-124.723	-9.37272	59.7779	-1697.27	293.146	0	0	0	0	0	0	0	0	0	0	0	0	0	0	0	0	0	0	0	0	0	0	0	0	0	0	0	0	0	0	0	0	0	0	0	0	0	0	0	0	0	0	0	0	0	0	0	0	0	0	0	0	0	0
0.0634386	0	-1	0	0.0245236	0.125481	0.00107815	0	0	0	0	0	0	0	0	0	0	0	0	0	0	0	0	0	0	0	0	0	0	0	0	28.1814	-50.7518	-11.5071	-1221.9	-3.05062	-77.0467	0	0	0	0	0	0	0	0	0	0	0	0	0	0	0	0	0	0	0	0	0	0	0	0	0	0	0	0	0	0	0	0	0	0	0	0	0	0	0	0	0	0	0	0	0	0	0	0
0	0.0245236	0	-1	0	0.0414202	0.000304073	0	0	0	0	0	0	0	0	0	0	0	0	0	0	0	0	0	0	0	0	0	0	0	0	23.2431	-27.3309	-11.2051	0.904233	-1224.2	-29.5253	0	0	0	0	0	0	0	0	0	0	0	0	0	0	0	0	0	0	0	0	0	0	0	0	0	0	0	0	0	0	0	0	0	0	0	0	0	0	0	0	0	0	0	0	0	0	0	0
-0.0312166	0	-1	0	0.0177797	-0.0444836	-0.000221633	0	0	0	0	0	0	0	0	0	0	0	0	0	0	0	0	0	0	0	0	0	0	0	0	20.734	-53.4302	-18.0593	-1301.39	-4.93609	41.2785	0	0	0	0	0	0	0	0	0	0	0	0	0	0	0	0	0	0	0	0	0	0	0	0	0	0	0	0	0	0	0	0	0	0	0	0	0	0	0	0	0	0	0	0	0	0	0	0
0	0.0177797	0	-1	0	0.0301132	0.000160251	0	0	0	0	0	0	0	0	0	0	0	0	0	0	0	0	0	0	0	0	0	0	0	0	16.3457	-50.589	-13.9393	-0.699964	-1301.72	-22.5298	0	0	0	0	0	0	0	0	0	0	0	0	0	0	0	0	0	0	0	0	0	0	0	0	0	0	0	0	0	0	0	0	0	0	0	0	0	0	0	0	0	0	0	0	0	0	0	0
-0.137683	0	-1	0	0.0100564	-0.888682	-0.0242906	0	0	0	0	0	0	0	0	0	0	0	0	0	0	0	0	0	0	0	0	0	0	0	0	12.1628	-56.3158	-20.3774	-1363.56	-5.93734	189.543	0	0	0	0	0	0	0	0	0	0	0	0	0	0	0	0	0	0	0	0	0	0	0	0	0	0	0	0	0	0	0	0	0	0	0	0	0	0	0	0	0	0	0	0	0	0	0	0
0	0.0100564	0	-1	0	0.0869126	0.00305238	0	0	0	0	0	0	0	0	0	0	0	0	0	0	0	0	0	0	0	0	0	0	0	0	8.43783	-76.4881	-16.5769	-1.41123	-1380.15	-13.0227	0	0	0	0	0	0	0	0	0	0	0	0	0	0	0	0	0	0	0	0	0	0	0	0	0	0	0	0	0	0	0	0	0	0	0	0	0	0	0	0	0	0	0	0	0	0	0	0
-0.25538	0	-1	0	0.00133279	-5.18455	-0.4117	0	0	0	0	0	0	0	0	0	0	0	0	0	0	0	0	0	0	0	0	0	0	0	0	2.88497	-58.8755	-16.5471	-1390.12	-5.24567	363.289	0	0	0	0	0	0	0	0	0	0	0	0	0	0	0	0	0	0	0	0	0	0	0	0	0	0	0	0	0	0	0	0	0	0	0	0	0	0	0	0	0	0	0	0	0	0	0	0
0	0.00133279	0	-1	0	0.063297	0.00914908	0	0	0	0	0	0	0	0	0	0	0	0	0	0	0	0	0	0	0	0	0	0	0	0	-0.472992	-104.741	-18.9063	-0.424587	-1454.94	-0.964008	0	0	0	0	0	0	0	0	0	0	0	0	0	0	0	0	0	0	0	0	0	0	0	0	0	0	0	0	0	0	0	0	0	0	0	0	0	0	0	0	0	0	0	0	0	0	0	0
0.0934208	0	-1	0	-0.0796653	0.473146	0.0102501	0	0	0	0	0	0	0	0	0	0	0	0	0	0	0	0	0	0	0	0	0	0	0	0	19.7118	-33.0832	-12.836	-1251.98	-10.1962	-115.939	0	0	0	0	0	0	0	0	0	0	0	0	0	0	0	0	0	0	0	0	0	0	0	0	0	0	0	0	0	0	0	0	0	0	0	0	0	0	0	0	0	0	0	0	0	0	0	0
0	-0.0796653	0	-1	0	-0.425282	-0.00971317	0	0	0	0	0	0	0	0	0	0	0	0	0	0	0	0	0	0	0	0	0	0	0	0	8.78945	-27.6619	-4.68496	-6.20801	-1253.32	100.169	0	0	0	0	0	0	0	0	0	0	0	0	0	0	0	0	0	0	0	0	0	0	0	0	0	0	0	0	0	0	0	0	0	0	0	0	0	0	0	0	0	0	0	0	0	0	0	0
-0.00208179	0	-1	0	-0.0934895	0.00591086	0.000278087	0	0	0	0	0	0	0	0	0	0	0	0	0	0	0	0	0	0	0	0	0	0	0	0	13.8235	-33.7365	-21.1767	-1342.11	-4.33468	4.05737	0	0	0	0	0	0	0	0	0	0	0	0	0	0	0	0	0	0	0	0	0	0	0	0	0	0	0	0	0	0	0	0	0	0	0	0	0	0	0	0	0	0	0	0	0	0	0	0
0	-0.0934895	0	-1	0	-0.332425	-0.00517298	0	0	0	0	0	0	0	0	0	0	0	0	0	0	0	0	0	0	0	0	0	0	0	0	1.07793	-51.6655	-4.75502	-0.0545321	-1334.29	125.612	0	0	0	0	0	0	0	0	0	0	0	0	0	0	0	0	0	0	0	0	0	0	0	0	0	0	0	0	0	0	0	0	0	0	0	0	0	0	0	0	0	0	0	0	0	0	0	0
-0.110329	0	-1	0	-0.108492	-0.859142	-0.027633	0	0	0	0	0	0	0	0	0	0	0	0	0	0	0	0	0	0	0	0	0	0	0	0	7.52012	-34.2388	-25.399	-1415.54	6.25991	157.552	0	0	0	0	0	0	0	0	0	0	0	0	0	0	0	0	0	0	0	0	0	0	0	0	0	0	0	0	0	0	0	0	0	0	0	0	0	0	0	0	0	0	0	0	0	0	0	0
0	-0.108492	0	-1	0	-0.851548	-0.0277712	0	0	0	0	0	0	0	0	0	0	0	0	0	0	0	0	0	0	0	0	0	0	0	0	-7.50813	-78.4367	-3.99258	10.834	-1415.65	154.176	0	0	0	0	0	0	0	0	0	0	0	0	0	0	0	0	0	0	0	0	0	0	0	0	0	0	0	0	0	0	0	0	0	0	0	0	0	0	0	0	0	0	0	0	0	0	0	0
-0.230906	0	-1	0	-0.124294	-4.96464	-0.41534	0	0	0	0	0	0	0	0	0	0	0	0	0	0	0	0	0	0	0	0	0	0	0	0	1.36965	-34.0182	-23.2881	-1452.71	24.7395	340.715	0	0	0	0	0	0	0	0	0	0	0	0	0	0	0	0	0	0	0	0	0	0	0	0	0	0	0	0	0	0	0	0	0	0	0	0	0	0	0	0	0	0	0	0	0	0	0	0
0	-0.124294	0	-1	0	-2.65039	-0.219671	0	0	0	0	0	0	0	0	0	0	0	0	0	0	0	0	0	0	0	0	0	0	0	0	-16.8257	-107.549	-2.16176	29.5958	-1491.85	183.393	0	0	0	0	0	0	0	0	0	0	0	0	0	0	0	0	0	0	0	0	0	0	0	0	0	0	0	0	0	0	0	0	0	0	0	0	0	0	0	0	0	0	0	0	0	0	0	0
0.124077	0	-1	0	-0.188191	1.90599	0.115471	0	0	0	0	0	0	0	0	0	0	0	0	0	0	0	0	0	0	0	0	0	0	0	0	9.1057	-14.9673	-13.4912	-1271	-24.0735	-154.843	0	0	0	0	0	0	0	0	0	0	0	0	0	0	0	0	0	0	0	0	0	0	0	0	0	0	0	0	0	0	0	0	0	0	0	0	0	0	0	0	0	0	0	0	0	0	0	0
0	-0.188191	0	-1	0	-2.94287	-0.181657	0	0	0	0	0	0	0	0	0	0	0	0	0	0	0	0	0	0	0	0	0	0	0	0	-1.18025	-25.5576	0.145319	-20.1722	-1253.02	237.503	0	0	0	0	0	0	0	0	0	0	0	0	0	0	0	0	0	0	0	0	0	0	0	0	0	0	0	0	0	0	0	0	0	0	0	0	0	0	0	0	0	0	0	0	0	0	0	0
0.0286348	0	-1	0	-0.209804	0.408251	0.0241841	0	0	0	0	0	0	0	0	0	0	0	0	0	0	0	0	0	0	0	0	0	0	0	0	4.83722	-13.355	-23.7178	-1370.99	-9.80172	-36.7652	0	0	0	0	0	0	0	0	0	0	0	0	0	0	0	0	0	0	0	0	0	0	0	0	0	0	0	0	0	0	0	0	0	0	0	0	0	0	0	0	0	0	0	0	0	0	0	0
0	-0.209804	0	-1	0	-2.93449	-0.16439	0	0	0	0	0	0	0	0	0	0	0	0	0	0	0	0	0	0	0	0	0	0	0	0	-8.72049	-49.5973	2.685	-5.61334	-1331.11	283.545	0	0	0	0	0	0	0	0	0	0	0	0	0	0	0	0	0	0	0	0	0	0	0	0	0	0	0	0	0	0	0	0	0	0	0	0	0	0	0	0	0	0	0	0	0	0	0	0
-0.0801932	0	-1	0	-0.232765	-1.49383	-0.107235	0	0	0	0	0	0	0	0	0	0	0	0	0	0	0	0	0	0	0	0	0	0	0	0	1.06047	-11.0823	-30.1595	-1454.29	13.8933	116.671	0	0	0	0	0	0	0	0	0	0	0	0	0	0	0	0	0	0	0	0	0	0	0	0	0	0	0	0	0	0	0	0	0	0	0	0	0	0	0	0	0	0	0	0	0	0	0	0
0	-0.232765	0	-1	0	-4.4027	-0.327651	0	0	0	0	0	0	0	0	0	0	0	0	0	0	0	0	0	0	0	0	0	0	0	0	-16.7899	-76.3079	6.88899	18.3581	-1406.61	332.844	0	0	0	0	0	0	0	0	0	0	0	0	0	0	0	0	0	0	0	0	0	0	0	0	0	0	0	0	0	0	0	0	0	0	0	0	0	0	0	0	0	0	0	0	0	0	0	0
-0.201966	0	-1	0	-0.256135	-6.85671	-0.87645	0	0	0	0	0	0	0	0	0	0	0	0	0	0	0	0	0	0	0	0	0	0	0	0	-1.40804	-7.4555	-30.4334	-1499.35	53.2708	300.761	0	0	0	0	0	0	0	0	0	0	0	0	0	0	0	0	0	0	0	0	0	0	0	0	0	0	0	0	0	0	0	0	0	0	0	0	0	0	0	0	0	0	0	0	0	0	0	0
0	-0.256135	0	-1	0	-8.70309	-1.12084	0	0	0	0	0	0	0	0	0	0	0	0	0	0	0	0	0	0	0	0	0	0	0	0	-25.0868	-104.986	13.0193	57.9744	-1471.37	379.039	0	0	0	0	0	0	0	0	0	0	0	0	0	0	0	0	0	0	0	0	0	0	0	0	0	0	0	0	0	0	0	0	0	0	0	0	0	0	0	0	0	0	0	0	0	0	0	0
0.147715	0	-1	0	0.0335252	1.04311	0.0296791	0	0	0	0	0	0	0	0	0	0	0	0	0	0	0	0	0	0	0	0	0	0	0	0	0	0	0	0	0	0	35.4394	-48.7139	-20.2956	-1260.87	-0.330763	-186.743	0	0	0	0	0	0	0	0	0	0	0	0	0	0	0	0	0	0	0	0	0	0	0	0	0	0	0	0	0	0	0	0	0	0	0	0	0	0	0	0	0	0
0	0.0335252	0	-1	0	0.227213	0.00609386	0	0	0	0	0	0	0	0	0	0	0	0	0	0	0	0	0	0	0	0	0	0	0	0	0	0	0	0	0	0	10.9883	-28.1076	-6.02387	3.7869	-1277.07	-42.2305	0	0	0	0	0	0	0	0	0	0	0	0	0	0	0	0	0	0	0	0	0	0	0	0	0	0	0	0	0	0	0	0	0	0	0	0	0	0	0	0	0	0
0.0539756	0	-1	0	0.0216588	0.100009	0.000783332	0	0	0	0	0	0	0	0	0	0	0	0	0	0	0	0	0	0	0	0	0	0	0	0	0	0	0	0	0	0	27.6286	-51.9173	-29.0729	-1365.74	-3.66151	-72.8733	0	0	0	0	0	0	0	0	0	0	0	0	0	0	0	0	0	0	0	0	0	0	0	0	0	0	0	0	0	0	0	0	0	0	0	0	0	0	0	0	0	0
0	0.0216588	0	-1	0	0.0398283	0.000310495	0	0	0	0	0	0	0	0	0	0	0	0	0	0	0	0	0	0	0	0	0	0	0	0	0	0	0	0	0	0	3.24873	-52.0695	-6.55104	0.767241	-1367.21	-29.189	0	0	0	0	0	0	0	0	0	0	0	0	0	0	0	0	0	0	0	0	0	0	0	0	0	0	0	0	0	0	0	0	0	0	0	0	0	0	0	0	0	0
-0.0535305	0	-1	0	0.00794529	-0.110563	-0.000912518	0	0	0	0	0	0	0	0	0	0	0	0	0	0	0	0	0	0	0	0	0	0	0	0	0	0	0	0	0	0	18.333	-55.0647	-33.8591	-1458.3	-5.3261	79.1812	0	0	0	0	0	0	0	0	0	0	0	0	0	0	0	0	0	0	0	0	0	0	0	0	0	0	0	0	0	0	0	0	0	0	0	0	0	0	0	0	0	0
0	0.00794529	0	-1	0	0.0243101	0.000237763	0	0	0	0	0	0	0	0	0	0	0	0	0	0	0	0	0	0	0	0	0	0	0	0	0	0	0	0	0	0	-5.65978	-79.081	-6.47688	-0.574724	-1460.43	-11.0766	0	0	0	0	0	0	0	0	0	0	0	0	0	0	0	0	0	0	0	0	0	0	0	0	0	0	0	0	0	0	0	0	0	0	0	0	0	0	0	0	0	0
-0.175093	0	-1	0	-0.00769654	-1.77615	-0.0747996	0	0	0	0	0	0	0	0	0	0	0	0	0	0	0	0	0	0	0	0	0	0	0	0	0	0	0	0	0	0	7.94851	-57.5765	-32.2407	-1521.82	-3.82754	270.14	0	0	0	0	0	0	0	0	0	0	0	0	0	0	0	0	0	0	0	0	0	0	0	0	0	0	0	0	0	0	0	0	0	0	0	0	0	0	0	0	0	0
0	-0.00769653	0	-1	0	-0.0608691	-0.00168734	0	0	0	0	0	0	0	0	0	0	0	0	0	0	0	0	0	0	0	0	0	0	0	0	0	0	0	0	0	0	-15.7012	-108.973	-5.471	1.24822	-1552.55	12.4497	0	0	0	0	0	0	0	0	0	0	0	0	0	0	0	0	0	0	0	0	0	0	0	0	0	0	0	0	0	0	0	0	0	0	0	0	0	0	0	0	0	0
0.172571	0	-1	0	-0.0786864	1.86783	0.0800674	0	0	0	0	0	0	0	0	0	0	0	0	0	0	0	0	0	0	0	0	0	0	0	0	0	0	0	0	0	0	23.7693	-31.4162	-18.6223	-1265.56	-15.6559	-218.742	0	0	0	0	0	0	0	0	0	0	0	0	0	0	0	0	0	0	0	0	0	0	0	0	0	0	0	0	0	0	0	0	0	0	0	0	0	0	0	0	0	0
0	-0.0786864	0	-1	0	-0.898605	-0.0413989	0	0	0	0	0	0	0	0	0	0	0	0	0	0	0	0	0	0	0	0	0	0	0	0	0	0	0	0	0	0	-0.143197	-27.8594	-0.454212	-11.6045	-1284.4	100.424	0	0	0	0	0	0	0	0	0	0	0	0	0	0	0	0	0	0	0	0	0	0	0	0	0	0	0	0	0	0	0	0	0	0	0	0	0	0	0	0	0	0
0.079706	0	-1	0	-0.0986638	0.436033	0.0102614	0	0	0	0	0	0	0	0	0	0	0	0	0	0	0	0	0	0	0	0	0	0	0	0	0	0	0	0	0	0	17.5529	-32.4199	-28.8259	-1376.85	-11.4055	-108.085	0	0	0	0	0	0	0	0	0	0	0	0	0	0	0	0	0	0	0	0	0	0	0	0	0	0	0	0	0	0	0	0	0	0	0	0	0	0	0	0	0	0
0	-0.0986638	0	-1	0	-0.57343	-0.0143156	0	0	0	0	0	0	0	0	0	0	0	0	0	0	0	0	0	0	0	0	0	0	0	0	0	0	0	0	0	0	-8.20939	-51.7075	1.80842	-7.04968	-1373.02	135.839	0	0	0	0	0	0	0	0	0	0	0	0	0	0	0	0	0	0	0	0	0	0	0	0	0	0	0	0	0	0	0	0	0	0	0	0	0	0	0	0	0	0
-0.0272293	0	-1	0	-0.120834	-0.143674	-0.00322473	0	0	0	0	0	0	0	0	0	0	0	0	0	0	0	0	0	0	0	0	0	0	0	0	0	0	0	0	0	0	10.7919	-32.8792	-35.4804	-1476.9	-1.64393	41.7948	0	0	0	0	0	0	0	0	0	0	0	0	0	0	0	0	0	0	0	0	0	0	0	0	0	0	0	0	0	0	0	0	0	0	0	0	0	0	0	0	0	0
0	-0.120834	0	-1	0	-0.693886	-0.0172648	0	0	0	0	0	0	0	0	0	0	0	0	0	0	0	0	0	0	0	0	0	0	0	0	0	0	0	0	0	0	-17.1438	-78.4668	5.52001	3.01954	-1463.21	177.842	0	0	0	0	0	0	0	0	0	0	0	0	0	0	0	0	0	0	0	0	0	0	0	0	0	0	0	0	0	0	0	0	0	0	0	0	0	0	0	0	0	0
-0.148612	0	-1	0	-0.144913	-2.04803	-0.114032	0	0	0	0	0	0	0	0	0	0	0	0	0	0	0	0	0	0	0	0	0	0	0	0	0	0	0	0	0	0	4.11673	-32.1162	-36.1434	-1548.87	17.4465	231.972	0	0	0	0	0	0	0	0	0	0	0	0	0	0	0	0	0	0	0	0	0	0	0	0	0	0	0	0	0	0	0	0	0	0	0	0	0	0	0	0	0	0
0	-0.144913	0	-1	0	-2.01972	-0.114599	0	0	0	0	0	0	0	0	0	0	0	0	0	0	0	0	0	0	0	0	0	0	0	0	0	0	0	0	0	0	-26.7517	-107.801	11.083	22.4025	-1549.64	224.547	0	0	0	0	0	0	0	0	0	0	0	0	0	0	0	0	0	0	0	0	0	0	0	0	0	0	0	0	0	0	0	0	0	0	0	0	0	0	0	0	0	0
0.196097	0	-1	0	-0.191204	4.41129	0.376921	0	0	0	0	0	0	0	0	0	0	0	0	0	0	0	0	0	0	0	0	0	0	0	0	0	0	0	0	0	0	10.3809	-14.2979	-16.1885	-1256.75	-37.1982	-244.388	0	0	0	0	0	0	0	0	0	0	0	0	0	0	0	0	0	0	0	0	0	0	0	0	0	0	0	0	0	0	0	0	0	0	0	0	0	0	0	0	0	0
0	-0.191204	0	-1	0	-4.41311	-0.390416	0	0	0	0	0	0	0	0	0	0	0	0	0	0	0	0	0	0	0	0	0	0	0	0	0	0	0	0	0	0	-5.40336	-24.7879	2.94525	-33.361	-1257.13	239.788	0	0	0	0	0	0	0	0	0	0	0	0	0	0	0	0	0	0	0	0	0	0	0	0	0	0	0	0	0	0	0	0	0	0	0	0	0	0	0	0	0	0
0.104908	0	-1	0	-0.219215	1.86447	0.129666	0	0	0	0	0	0	0	0	0	0	0	0	0	0	0	0	0	0	0	0	0	0	0	0	0	0	0	0	0	0	5.64408	-13.0895	-27.6553	-1372.47	-25.5388	-139.941	0	0	0	0	0	0	0	0	0	0	0	0	0	0	0	0	0	0	0	0	0	0	0	0	0	0	0	0	0	0	0	0	0	0	0	0	0	0	0	0	0	0
0	-0.219215	0	-1	0	-4.01554	-0.289028	0	0	0	0	0	0	0	0	0	0	0	0	0	0	0	0	0	0	0	0	0	0	0	0	0	0	0	0	0	0	-12.5076	-47.6553	7.52996	-21.4302	-1336.85	296.505	0	0	0	0	0	0	0	0	0	0	0	0	0	0	0	0	0	0	0	0	0	0	0	0	0	0	0	0	0	0	0	0	0	0	0	0	0	0	0	0	0	0
-0.000296346	0	-1	0	-0.249608	-0.0238595	-0.00208341	0	0	0	0	0	0	0	0	0	0	0	0	0	0	0	0	0	0	0	0	0	0	0	0	0	0	0	0	0	0	1.35825	-10.7971	-36.1569	-1477.23	-4.22254	2.76853	0	0	0	0	0	0	0	0	0	0	0	0	0	0	0	0	0	0	0	0	0	0	0	0	0	0	0	0	0	0	0	0	0	0	0	0	0	0	0	0	0	0
0	-0.249608	0	-1	0	-4.87896	-0.376336	0	0	0	0	0	0	0	0	0	0	0	0	0	0	0	0	0	0	0	0	0	0	0	0	0	0	0	0	0	0	-19.9391	-73.0172	14.307	0.141412	-1413.98	360.156	0	0	0	0	0	0	0	0	0	0	0	0	0	0	0	0	0	0	0	0	0	0	0	0	0	0	0	0	0	0	0	0	0	0	0	0	0	0	0	0	0	0
-0.119768	0	-1	0	-0.281583	-3.57728	-0.406564	0	0	0	0	0	0	0	0	0	0	0	0	0	0	0	0	0	0	0	0	0	0	0	0	0	0	0	0	0	0	-1.58356	-6.60444	-39.3658	-1553.43	33.2297	183.575	0	0	0	0	0	0	0	0	0	0	0	0	0	0	0	0	0	0	0	0	0	0	0	0	0	0	0	0	0	0	0	0	0	0	0	0	0	0	0	0	0	0
0	-0.281583	0	-1	0	-8.40483	-0.965007	0	0	0	0	0	0	0	0	0	0	0	0	0	0	0	0	0	0	0	0	0	0	0	0	0	0	0	0	0	0	-27.3382	-100.235	23.6781	37.7983	-1480.5	425.353	0	0	0	0	0	0	0	0	0	0	0	0	0	0	0	0	0	0	0	0	0	0	0	0	0	0	0	0	0	0	0	0	0	0	0	0	0	0	0	0	0	0
0.307804	0	-1	0	0.0423343	9.14947	1.01515	0	0	0	0	0	0	0	0	0	0	0	0	0	0	0	0	0	0	0	0	0	0	0	0	0	0	0	0	0	0	0	0	0	0	0	0	49.0832	-54.9287	-25.3309	-1383.54	8.64053	-438.164	0	0	0	0	0	0	0	0	0	0	0	0	0	0	0	0	0	0	0	0	0	0	0	0	0	0	0	0	0	0	0	0	0	0	0	0
0	0.0423343	0	-1	0	1.25014	0.137382	0	0	0	0	0	0	0	0	0	0	0	0	0	0	0	0	0	0	0	0	0	0	0	0	0	0	0	0	0	0	0	0	0	0	0	0	4.01016	-26.3221	-2.72086	13.4078	-1479.56	-60.2052	0	0	0	0	0	0	0	0	0	0	0	0	0	0	0	0	0	0	0	0	0	0	0	0	0	0	0	0	0	0	0	0	0	0	0	0
0.201939	0	-1	0	0.0371684	2.65693	0.139558	0	0	0	0	0	0	0	0	0	0	0	0	0	0	0	0	0	0	0	0	0	0	0	0	0	0	0	0	0	0	0	0	0	0	0	0	40.8256	-62.4439	-37.2262	-1559.5	2.48171	-317.366	0	0	0	0	0	0	0	0	0	0	0	0	0	0	0	0	0	0	0	0	0	0	0	0	0	0	0	0	0	0	0	0	0	0	0	0
0	0.0371684	0	-1	0	0.48829	0.0256191	0	0	0	0	0	0	0	0	0	0	0	0	0	0	0	0	0	0	0	0	0	0	0	0	0	0	0	0	0	0	0	0	0	0	0	0	-3.37743	-53.4275	-2.98226	7.66174	-1599.59	-58.3677	0	0	0	0	0	0	0	0	0	0	0	0	0	0	0	0	0	0	0	0	0	0	0	0	0	0	0	0	0	0	0	0	0	0	0	0
0.0766456	0	-1	0	0.0307594	0.270582	0.00408199	0	0	0	0	0	0	0	0	0	0	0	0	0	0	0	0	0	0	0	0	0	0	0	0	0	0	0	0	0	0	0	0	0	0	0	0	28.8995	-69.9162	-43.7491	-1717.47	-3.24222	-130.111	0	0	0	0	0	0	0	0	0	0	0	0	0	0	0	0	0	0	0	0	0	0	0	0	0	0	0	0	0	0	0	0	0	0	0	0
0	0.0307594	0	-1	0	0.11471	0.00179786	0	0	0	0	0	0	0	0	0	0	0	0	0	0	0	0	0	0	0	0	0	0	0	0	0	0	0	0	0	0	0	0	0	0	0	0	-12.1063	-84.3507	-2.93332	2.35527	-1721.75	-52.4791	0	0	0	0	0	0	0	0	0	0	0	0	0	0	0	0	0	0	0	0	0	0	0	0	0	0	0	0	0	0	0	0	0	0	0	0
-0.0683755	0	-1	0	0.0230008	-0.248164	-0.00360527	0	0	0	0	0	0	0	0	0	0	0	0	0	0	0	0	0	0	0	0	0	0	0	0	0	0	0	0	0	0	0	0	0	0	0	0	13.6573	-76.5716	-40.9641	-1835.9	-7.97087	127.373	0	0	0	0	0	0	0	0	0	0	0	0	0	0	0	0	0	0	0	0	0	0	0	0	0	0	0	0	0	0	0	0	0	0	0	0
0	0.0230008	0	-1	0	0.0930591	0.00142926	0	0	0	0	0	0	0	0	0	0	0	0	0	0	0	0	0	0	0	0	0	0	0	0	0	0	0	0	0	0	0	0	0	0	0	0	-22.1315	-118.802	-2.32658	-1.96572	-1840.17	-41.7551	0	0	0	0	0	0	0	0	0	0	0	0	0	0	0	0	0	0	0	0	0	0	0	0	0	0	0	0	0	0	0	0	0	0	0	0
0.319547	0	-1	0	-0.0900514	10.9562	1.39271	0	0	0	0	0	0	0	0	0	0	0	0	0	0	0	0	0	0	0	0	0	0	0	0	0	0	0	0	0	0	0	0	0	0	0	0	32.0559	-36.4541	-22.072	-1375.14	-35.6015	-451.559	0	0	0	0	0	0	0	0	0	0	0	0	0	0	0	0	0	0	0	0	0	0	0	0	0	0	0	0	0	0	0	0	0	0	0	0
0	-0.0900514	0	-1	0	-3.16501	-0.417411	0	0	0	0	0	0	0	0	0	0	0	0	0	0	0	0	0	0	0	0	0	0	0	0	0	0	0	0	0	0	0	0	0	0	0	0	-6.8869	-27.9287	2.44531	-31.0728	-1474.07	127.555	0	0	0	0	0	0	0	0	0	0	0	0	0	0	0	0	0	0	0	0	0	0	0	0	0	0	0	0	0	0	0	0	0	0	0	0
0.2146	0	-1	0	-0.105965	3.78492	0.262008	0	0	0	0	0	0	0	0	0	0	0	0	0	0	0	0	0	0	0	0	0	0	0	0	0	0	0	0	0	0	0	0	0	0	0	0	25.5878	-41.1877	-34.834	-1555.38	-29.5175	-335.075	0	0	0	0	0	0	0	0	0	0	0	0	0	0	0	0	0	0	0	0	0	0	0	0	0	0	0	0	0	0	0	0	0	0	0	0
0	-0.105965	0	-1	0	-1.93648	-0.140591	0	0	0	0	0	0	0	0	0	0	0	0	0	0	0	0	0	0	0	0	0	0	0	0	0	0	0	0	0	0	0	0	0	0	0	0	-15.2999	-54.6039	6.12577	-24.5707	-1591.15	166.368	0	0	0	0	0	0	0	0	0	0	0	0	0	0	0	0	0	0	0	0	0	0	0	0	0	0	0	0	0	0	0	0	0	0	0	0
0.0900925	0	-1	0	-0.12331	0.728396	0.0253083	0	0	0	0	0	0	0	0	0	0	0	0	0	0	0	0	0	0	0	0	0	0	0	0	0	0	0	0	0	0	0	0	0	0	0	0	17.164	-45.239	-42.777	-1718.02	-17.6526	-151.757	0	0	0	0	0	0	0	0	0	0	0	0	0	0	0	0	0	0	0	0	0	0	0	0	0	0	0	0	0	0	0	0	0	0	0	0
0	-0.12331	0	-1	0	-1.05985	-0.0390591	0	0	0	0	0	0	0	0	0	0	0	0	0	0	0	0	0	0	0	0	0	0	0	0	0	0	0	0	0	0	0	0	0	0	0	0	-24.7255	-84.8368	11.4632	-12.299	-1708.8	211.04	0	0	0	0	0	0	0	0	0	0	0	0	0	0	0	0	0	0	0	0	0	0	0	0	0	0	0	0	0	0	0	0	0	0	0	0
-0.0542773	0	-1	0	-0.141647	-0.476683	-0.0179947	0	0	0	0	0	0	0	0	0	0	0	0	0	0	0	0	0	0	0	0	0	0	0	0	0	0	0	0	0	0	0	0	0	0	0	0	7.46179	-47.6925	-42.0045	-1841.22	3.59616	102.041	0	0	0	0	0	0	0	0	0	0	0	0	0	0	0	0	0	0	0	0	0	0	0	0	0	0	0	0	0	0	0	0	0	0	0	0
0	-0.141647	0	-1	0	-1.25869	-0.0484187	0	0	0	0	0	0	0	0	0	0	0	0	0	0	0	0	0	0	0	0	0	0	0	0	0	0	0	0	0	0	0	0	0	0	0	0	-34.9248	-118.121	18.721	9.31963	-1820.11	258.918	0	0	0	0	0	0	0	0	0	0	0	0	0	0	0	0	0	0	0	0	0	0	0	0	0	0	0	0	0	0	0	0	0	0	0	0
0.326935	0	-1	0	-0.21972	16.4783	2.9997	0	0	0	0	0	0	0	0	0	0	0	0	0	0	0	0	0	0	0	0	0	0	0	0	0	0	0	0	0	0	0	0	0	0	0	0	13.8766	-18.1385	-18.0961	-1344.95	-85.9919	-443.731	0	0	0	0	0	0	0	0	0	0	0	0	0	0	0	0	0	0	0	0	0	0	0	0	0	0	0	0	0	0	0	0	0	0	0	0
0	-0.21972	0	-1	0	-11.2767	-2.10449	0	0	0	0	0	0	0	0	0	0	0	0	0	0	0	0	0	0	0	0	0	0	0	0	0	0	0	0	0	0	0	0	0	0	0	0	-9.30382	-25.6886	5.24066	-81.9958	-1409.23	298.938	0	0	0	0	0	0	0	0	0	0	0	0	0	0	0	0	0	0	0	0	0	0	0	0	0	0	0	0	0	0	0	0	0	0	0	0
0.224052	0	-1	0	-0.245896	7.74198	1.00103	0	0	0	0	0	0	0	0	0	0	0	0	0	0	0	0	0	0	0	0	0	0	0	0	0	0	0	0	0	0	0	0	0	0	0	0	9.13678	-20.0892	-31.3713	-1526.74	-67.5865	-336.318	0	0	0	0	0	0	0	0	0	0	0	0	0	0	0	0	0	0	0	0	0	0	0	0	0	0	0	0	0	0	0	0	0	0	0	0
0	-0.245896	0	-1	0	-8.70882	-1.16291	0	0	0	0	0	0	0	0	0	0	0	0	0	0	0	0	0	0	0	0	0	0	0	0	0	0	0	0	0	0	0	0	0	0	0	0	-16.6028	-50.7202	12.0273	-63.2028	-1512.72	371.263	0	0	0	0	0	0	0	0	0	0	0	0	0	0	0	0	0	0	0	0	0	0	0	0	0	0	0	0	0	0	0	0	0	0	0	0
0.101968	0	-1	0	-0.273448	2.66591	0.269334	0	0	0	0	0	0	0	0	0	0	0	0	0	0	0	0	0	0	0	0	0	0	0	0	0	0	0	0	0	0	0	0	0	0	0	0	4.19656	-20.6697	-40.6092	-1690.15	-37.6513	-164.795	0	0	0	0	0	0	0	0	0	0	0	0	0	0	0	0	0	0	0	0	0	0	0	0	0	0	0	0	0	0	0	0	0	0	0	0
0	-0.273448	0	-1	0	-7.462	-0.792476	0	0	0	0	0	0	0	0	0	0	0	0	0	0	0	0	0	0	0	0	0	0	0	0	0	0	0	0	0	0	0	0	0	0	0	0	-24.3093	-78.688	21.5989	-32.9297	-1611.69	449.301	0	0	0	0	0	0	0	0	0	0	0	0	0	0	0	0	0	0	0	0	0	0	0	0	0	0	0	0	0	0	0	0	0	0	0	0
-0.0393317	0	-1	0	-0.301225	-1.25894	-0.155283	0	0	0	0	0	0	0	0	0	0	0	0	0	0	0	0	0	0	0	0	0	0	0	0	0	0	0	0	0	0	0	0	0	0	0	0	0.0671741	-18.7767	-42.1817	-1812.11	10.8338	71.9769	0	0	0	0	0	0	0	0	0	0	0	0	0	0	0	0	0	0	0	0	0	0	0	0	0	0	0	0	0	0	0	0	0	0	0	0
0	-0.301225	0	-1	0	-9.06033	-1.06385	0	0	0	0	0	0	0	0	0	0	0	0	0	0	0	0	0	0	0	0	0	0	0	0	0	0	0	0	0	0	0	0	0	0	0	0	-32.0395	-108.697	34.0985	15.792	-1696.3	525.339	0	0	0	0	0	0	0	0	0	0	0	0	0	0	0	0	0	0	0	0	0	0	0	0	0	0	0	0	0	0	0	0	0	0	0	0
0.358376	0	-1	0	0.133659	17.2571	3.04767	0	0	0	0	0	0	0	0	0	0	0	0	0	0	0	0	0	0	0	0	0	0	0	0	0	0	0	0	0	0	0	0	0	0	0	0	0	0	0	0	0	0	48.5685	67.1418	14.0076	-1466.68	54.7921	-544.314	0	0	0	0	0	0	0	0	0	0	0	0	0	0	0	0	0	0	0	0	0	0	0	0	0	0	0	0	0	0
0	0.133659	0	-1	0	6.52288	1.17745	0	0	0	0	0	0	0	0	0	0	0	0	0	0	0	0	0	0	0	0	0	0	0	0	0	0	0	0	0	0	0	0	0	0	0	0	0	0	0	0	0	0	-6.26404	25.5542	1.75179	60.4306	-1603.64	-203.048	0	0	0	0	0	0	0	0	0	0	0	0	0	0	0	0	0	0	0	0	0	0	0	0	0	0	0	0	0	0
0.227813	0	-1	0	0.13222	5.04473	0.44002	0	0	0	0	0	0	0	0	0	0	0	0	0	0	0	0	0	0	0	0	0	0	0	0	0	0	0	0	0	0	0	0	0	0	0	0	0	0	0	0	0	0	38.5655	75.7384	24.22	-1662.72	30.0426	-381.716	0	0	0	0	0	0	0	0	0	0	0	0	0	0	0	0	0	0	0	0	0	0	0	0	0	0	0	0	0	0
0	0.13222	0	-1	0	2.96999	0.264838	0	0	0	0	0	0	0	0	0	0	0	0	0	0	0	0	0	0	0	0	0	0	0	0	0	0	0	0	0	0	0	0	0	0	0	0	0	0	0	0	0	0	-10.1812	55.6393	3.94046	35.7967	-1702.34	-221.983	0	0	0	0	0	0	0	0	0	0	0	0	0	0	0	0	0	0	0	0	0	0	0	0	0	0	0	0	0	0
0.079353	0	-1	0	0.128368	0.684042	0.0253626	0	0	0	0	0	0	0	0	0	0	0	0	0	0	0	0	0	0	0	0	0	0	0	0	0	0	0	0	0	0	0	0	0	0	0	0	0	0	0	0	0	0	22.3109	81.3864	26.4832	-1794.52	5.99327	-141.324	0	0	0	0	0	0	0	0	0	0	0	0	0	0	0	0	0	0	0	0	0	0	0	0	0	0	0	0	0	0
0	0.128368	0	-1	0	1.11779	0.0420549	0	0	0	0	0	0	0	0	0	0	0	0	0	0	0	0	0	0	0	0	0	0	0	0	0	0	0	0	0	0	0	0	0	0	0	0	0	0	0	0	0	0	-15.0871	87.8643	6.24412	11.8888	-1782.05	-229.553	0	0	0	0	0	0	0	0	0	0	0	0	0	0	0	0	0	0	0	0	0	0	0	0	0	0	0	0	0	0
-0.0818113	0	-1	0	0.122066	-0.692094	-0.0255165	0	0	0	0	0	0	0	0	0	0	0	0	0	0	0	0	0	0	0	0	0	0	0	0	0	0	0	0	0	0	0	0	0	0	0	0	0	0	0	0	0	0	1.44657	83.3764	17.884	-1847.69	-18.0114	150.585	0	0	0	0	0	0	0	0	0	0	0	0	0	0	0	0	0	0	0	0	0	0	0	0	0	0	0	0	0	0
0	0.122066	0	-1	0	1.04084	0.0384841	0	0	0	0	0	0	0	0	0	0	0	0	0	0	0	0	0	0	0	0	0	0	0	0	0	0	0	0	0	0	0	0	0	0	0	0	0	0	0	0	0	0	-20.8008	120.979	8.15323	-12.0179	-1837.55	-224.969	0	0	0	0	0	0	0	0	0	0	0	0	0	0	0	0	0	0	0	0	0	0	0	0	0	0	0	0	0	0
0.358047	0	-1	0	-0.0103985	14.8043	2.2701	0	0	0	0	0	0	0	0	0	0	0	0	0	0	0	0	0	0	0	0	0	0	0	0	0	0	0	0	0	0	0	0	0	0	0	0	0	0	0	0	0	0	31.8858	44.9142	13.4237	-1450.05	-9.3163	-541.257	0	0	0	0	0	0	0	0	0	0	0	0	0	0	0	0	0	0	0	0	0	0	0	0	0	0	0	0	0	0
0	-0.0103985	0	-1	0	-0.373444	-0.0440809	0	0	0	0	0	0	0	0	0	0	0	0	0	0	0	0	0	0	0	0	0	0	0	0	0	0	0	0	0	0	0	0	0	0	0	0	0	0	0	0	0	0	-15.5206	27.672	-0.651604	-3.86663	-1602.08	15.5026	0	0	0	0	0	0	0	0	0	0	0	0	0	0	0	0	0	0	0	0	0	0	0	0	0	0	0	0	0	0
0.229159	0	-1	0	-0.0202404	3.87818	0.263503	0	0	0	0	0	0	0	0	0	0	0	0	0	0	0	0	0	0	0	0	0	0	0	0	0	0	0	0	0	0	0	0	0	0	0	0	0	0	0	0	0	0	25.4944	50.1395	22.9404	-1634.9	-10.4702	-379.305	0	0	0	0	0	0	0	0	0	0	0	0	0	0	0	0	0	0	0	0	0	0	0	0	0	0	0	0	0	0
0	-0.0202404	0	-1	0	-0.319153	-0.0195554	0	0	0	0	0	0	0	0	0	0	0	0	0	0	0	0	0	0	0	0	0	0	0	0	0	0	0	0	0	0	0	0	0	0	0	0	0	0	0	0	0	0	-21.4754	55.9805	-2.89956	-4.87233	-1693.13	33.0867	0	0	0	0	0	0	0	0	0	0	0	0	0	0	0	0	0	0	0	0	0	0	0	0	0	0	0	0	0	0
0.0833556	0	-1	0	-0.0307912	0.353605	0.0063718	0	0	0	0	0	0	0	0	0	0	0	0	0	0	0	0	0	0	0	0	0	0	0	0	0	0	0	0	0	0	0	0	0	0	0	0	0	0	0	0	0	0	15.2761	52.6685	24.7365	-1760.13	-8.3845	-145.588	0	0	0	0	0	0	0	0	0	0	0	0	0	0	0	0	0	0	0	0	0	0	0	0	0	0	0	0	0	0
0	-0.0307912	0	-1	0	-0.126984	-0.00224366	0	0	0	0	0	0	0	0	0	0	0	0	0	0	0	0	0	0	0	0	0	0	0	0	0	0	0	0	0	0	0	0	0	0	0	0	0	0	0	0	0	0	-27.8364	86.1513	-5.97156	-2.64181	-1766.42	53.5078	0	0	0	0	0	0	0	0	0	0	0	0	0	0	0	0	0	0	0	0	0	0	0	0	0	0	0	0	0	0
-0.0745372	0	-1	0	-0.0416537	-0.327974	-0.00596826	0	0	0	0	0	0	0	0	0	0	0	0	0	0	0	0	0	0	0	0	0	0	0	0	0	0	0	0	0	0	0	0	0	0	0	0	0	0	0	0	0	0	2.22389	51.8669	16.1667	-1812.69	-2.2022	136.124	0	0	0	0	0	0	0	0	0	0	0	0	0	0	0	0	0	0	0	0	0	0	0	0	0	0	0	0	0	0
0	-0.0416538	0	-1	0	-0.183354	-0.00334092	0	0	0	0	0	0	0	0	0	0	0	0	0	0	0	0	0	0	0	0	0	0	0	0	0	0	0	0	0	0	0	0	0	0	0	0	0	0	0	0	0	0	-34.2915	117.009	-9.85087	3.62405	-1817.08	74.6447	0	0	0	0	0	0	0	0	0	0	0	0	0	0	0	0	0	0	0	0	0	0	0	0	0	0	0	0	0	0
0.352469	0	-1	0	-0.148052	16.7968	2.92803	0	0	0	0	0	0	0	0	0	0	0	0	0	0	0	0	0	0	0	0	0	0	0	0	0	0	0	0	0	0	0	0	0	0	0	0	0	0	0	0	0	0	15.1777	22.6218	12.3769	-1408.43	-66.7376	-511.211	0	0	0	0	0	0	0	0	0	0	0	0	0	0	0	0	0	0	0	0	0	0	0	0	0	0	0	0	0	0
0	-0.148052	0	-1	0	-7.03324	-1.21773	0	0	0	0	0	0	0	0	0	0	0	0	0	0	0	0	0	0	0	0	0	0	0	0	0	0	0	0	0	0	0	0	0	0	0	0	0	0	0	0	0	0	-13.9299	26.1034	-3.7164	-61.6505	-1529.62	214.94	0	0	0	0	0	0	0	0	0	0	0	0	0	0	0	0	0	0	0	0	0	0	0	0	0	0	0	0	0	0
0.227092	0	-1	0	-0.165096	5.59594	0.53383	0	0	0	0	0	0	0	0	0	0	0	0	0	0	0	0	0	0	0	0	0	0	0	0	0	0	0	0	0	0	0	0	0	0	0	0	0	0	0	0	0	0	12.4621	24.8687	21.031	-1582.75	-47.3386	-359.53	0	0	0	0	0	0	0	0	0	0	0	0	0	0	0	0	0	0	0	0	0	0	0	0	0	0	0	0	0	0
0	-0.165096	0	-1	0	-4.07589	-0.38861	0	0	0	0	0	0	0	0	0	0	0	0	0	0	0	0	0	0	0	0	0	0	0	0	0	0	0	0	0	0	0	0	0	0	0	0	0	0	0	0	0	0	-19.7602	52.1933	-9.90791	-42.1134	-1609.77	261.953	0	0	0	0	0	0	0	0	0	0	0	0	0	0	0	0	0	0	0	0	0	0	0	0	0	0	0	0	0	0
0.0859155	0	-1	0	-0.181303	1.11139	0.0592287	0	0	0	0	0	0	0	0	0	0	0	0	0	0	0	0	0	0	0	0	0	0	0	0	0	0	0	0	0	0	0	0	0	0	0	0	0	0	0	0	0	0	8.03004	24.6578	22.5279	-1700.81	-22.4883	-142.791	0	0	0	0	0	0	0	0	0	0	0	0	0	0	0	0	0	0	0	0	0	0	0	0	0	0	0	0	0	0
0	-0.181303	0	-1	0	-2.4004	-0.130615	0	0	0	0	0	0	0	0	0	0	0	0	0	0	0	0	0	0	0	0	0	0	0	0	0	0	0	0	0	0	0	0	0	0	0	0	0	0	0	0	0	0	-25.7847	79.806	-17.6201	-17.1507	-1672	304.293	0	0	0	0	0	0	0	0	0	0	0	0	0	0	0	0	0	0	0	0	0	0	0	0	0	0	0	0	0	0
-0.0664493	0	-1	0	-0.195891	-0.980229	-0.0593758	0	0	0	0	0	0	0	0	0	0	0	0	0	0	0	0	0	0	0	0	0	0	0	0	0	0	0	0	0	0	0	0	0	0	0	0	0	0	0	0	0	0	2.3525	21.4211	14.5673	-1750.36	9.91096	116.507	0	0	0	0	0	0	0	0	0	0	0	0	0	0	0	0	0	0	0	0	0	0	0	0	0	0	0	0	0	0
0	-0.195891	0	-1	0	-2.78258	-0.163037	0	0	0	0	0	0	0	0	0	0	0	0	0	0	0	0	0	0	0	0	0	0	0	0	0	0	0	0	0	0	0	0	0	0	0	0	0	0	0	0	0	0	-31.6833	107.796	-26.3566	15.2778	-1711.34	337.327	0	0	0	0	0	0	0	0	0	0	0	0	0	0	0	0	0	0	0	0	0	0	0	0	0	0	0	0	0	0
0.265244	0	-1	0	0.0936064	6.68043	0.655796	0	0	0	0	0	0	0	0	0	0	0	0	0	0	0	0	0	0	0	0	0	0	0	0	0	0	0	0	0	0	0	0	0	0	0	0	0	0	0	0	0	0	0	0	0	0	0	0	29.3349	75.5407	17.098	-1555.28	23.1542	-420.147	0	0	0	0	0	0	0	0	0	0	0	0	0	0	0	0	0	0	0	0	0	0	0	0
0	0.0936064	0	-1	0	2.3869	0.238783	0	0	0	0	0	0	0	0	0	0	0	0	0	0	0	0	0	0	0	0	0	0	0	0	0	0	0	0	0	0	0	0	0	0	0	0	0	0	0	0	0	0	0	0	0	0	0	0	-19.1952	30.4328	-0.566129	28.6534	-1624.84	-148.908	0	0	0	0	0	0	0	0	0	0	0	0	0	0	0	0	0	0	0	0	0	0	0	0
0.121666	0	-1	0	0.0845821	0.989794	0.0346088	0	0	0	0	0	0	0	0	0	0	0	0	0	0	0	0	0	0	0	0	0	0	0	0	0	0	0	0	0	0	0	0	0	0	0	0	0	0	0	0	0	0	0	0	0	0	0	0	13.8368	78.1598	17.9568	-1656.17	5.77441	-201.788	0	0	0	0	0	0	0	0	0	0	0	0	0	0	0	0	0	0	0	0	0	0	0	0
0	0.0845821	0	-1	0	0.688887	0.0241698	0	0	0	0	0	0	0	0	0	0	0	0	0	0	0	0	0	0	0	0	0	0	0	0	0	0	0	0	0	0	0	0	0	0	0	0	0	0	0	0	0	0	0	0	0	0	0	0	-21.724	59.369	-1.71646	11.2526	-1664.15	-141.031	0	0	0	0	0	0	0	0	0	0	0	0	0	0	0	0	0	0	0	0	0	0	0	0
-0.0281308	0	-1	0	0.0739815	-0.104872	-0.00163238	0	0	0	0	0	0	0	0	0	0	0	0	0	0	0	0	0	0	0	0	0	0	0	0	0	0	0	0	0	0	0	0	0	0	0	0	0	0	0	0	0	0	0	0	0	0	0	0	-3.3205	76.4589	9.72623	-1684.11	-7.65939	46.9375	0	0	0	0	0	0	0	0	0	0	0	0	0	0	0	0	0	0	0	0	0	0	0	0
0	0.0739815	0	-1	0	0.274702	0.00424433	0	0	0	0	0	0	0	0	0	0	0	0	0	0	0	0	0	0	0	0	0	0	0	0	0	0	0	0	0	0	0	0	0	0	0	0	0	0	0	0	0	0	0	0	0	0	0	0	-24.382	88.0003	-3.55053	-2.2305	-1678.97	-125.136	0	0	0	0	0	0	0	0	0	0	0	0	0	0	0	0	0	0	0	0	0	0	0	0
-0.177651	0	-1	0	0.0622803	-2.12999	-0.10686	0	0	0	0	0	0	0	0	0	0	0	0	0	0	0	0	0	0	0	0	0	0	0	0	0	0	0	0	0	0	0	0	0	0	0	0	0	0	0	0	0	0	0	0	0	0	0	0	-19.8512	70.6879	-6.96279	-1639.01	-17.6611	292.798	0	0	0	0	0	0	0	0	0	0	0	0	0	0	0	0	0	0	0	0	0	0	0	0
0	0.0622803	0	-1	0	0.753082	0.0381059	0	0	0	0	0	0	0	0	0	0	0	0	0	0	0	0	0	0	0	0	0	0	0	0	0	0	0	0	0	0	0	0	0	0	0	0	0	0	0	0	0	0	0	0	0	0	0	0	-26.9301	115.135	-6.14888	-12.3702	-1669.14	-103.672	0	0	0	0	0	0	0	0	0	0	0	0	0	0	0	0	0	0	0	0	0	0	0	0
0.266005	0	-1	0	-0.0466433	6.108	0.54779	0	0	0	0	0	0	0	0	0	0	0	0	0	0	0	0	0	0	0	0	0	0	0	0	0	0	0	0	0	0	0	0	0	0	0	0	0	0	0	0	0	0	0	0	0	0	0	0	18.4436	49.011	13.3286	-1503.72	-18.2981	-407.904	0	0	0	0	0	0	0	0	0	0	0	0	0	0	0	0	0	0	0	0	0	0	0	0
0	-0.0466433	0	-1	0	-1.03215	-0.0875461	0	0	0	0	0	0	0	0	0	0	0	0	0	0	0	0	0	0	0	0	0	0	0	0	0	0	0	0	0	0	0	0	0	0	0	0	0	0	0	0	0	0	0	0	0	0	0	0	-22.6006	28.9314	-4.12325	-12.972	-1578.12	70.9113	0	0	0	0	0	0	0	0	0	0	0	0	0	0	0	0	0	0	0	0	0	0	0	0
0.127241	0	-1	0	-0.0583797	0.917884	0.0285391	0	0	0	0	0	0	0	0	0	0	0	0	0	0	0	0	0	0	0	0	0	0	0	0	0	0	0	0	0	0	0	0	0	0	0	0	0	0	0	0	0	0	0	0	0	0	0	0	9.00551	49.8793	14.2404	-1596.92	-12.7268	-203.161	0	0	0	0	0	0	0	0	0	0	0	0	0	0	0	0	0	0	0	0	0	0	0	0
0	-0.0583797	0	-1	0	-0.407555	-0.0122373	0	0	0	0	0	0	0	0	0	0	0	0	0	0	0	0	0	0	0	0	0	0	0	0	0	0	0	0	0	0	0	0	0	0	0	0	0	0	0	0	0	0	0	0	0	0	0	0	-25.0421	55.2774	-9.31691	-7.43236	-1610.16	92.5629	0	0	0	0	0	0	0	0	0	0	0	0	0	0	0	0	0	0	0	0	0	0	0	0
-0.01723	0	-1	0	-0.0696561	-0.0582479	-0.00078378	0	0	0	0	0	0	0	0	0	0	0	0	0	0	0	0	0	0	0	0	0	0	0	0	0	0	0	0	0	0	0	0	0	0	0	0	0	0	0	0	0	0	0	0	0	0	0	0	-1.25281	47.2583	6.95567	-1624.86	-3.99949	28.3906	0	0	0	0	0	0	0	0	0	0	0	0	0	0	0	0	0	0	0	0	0	0	0	0
0	-0.0696561	0	-1	0	-0.219207	-0.00285151	0	0	0	0	0	0	0	0	0	0	0	0	0	0	0	0	0	0	0	0	0	0	0	0	0	0	0	0	0	0	0	0	0	0	0	0	0	0	0	0	0	0	0	0	0	0	0	0	-27.116	81.4092	-15.1231	1.23314	-1620.38	111.9	0	0	0	0	0	0	0	0	0	0	0	0	0	0	0	0	0	0	0	0	0	0	0	0
-0.1616	0	-1	0	-0.0800284	-1.77226	-0.0810215	0	0	0	0	0	0	0	0	0	0	0	0	0	0	0	0	0	0	0	0	0	0	0	0	0	0	0	0	0	0	0	0	0	0	0	0	0	0	0	0	0	0	0	0	0	0	0	0	-11.0124	41.3074	-8.01818	-1587.51	8.26502	258.119	0	0	0	0	0	0	0	0	0	0	0	0	0	0	0	0	0	0	0	0	0	0	0	0
0	-0.0800284	0	-1	0	-0.856041	-0.0380644	0	0	0	0	0	0	0	0	0	0	0	0	0	0	0	0	0	0	0	0	0	0	0	0	0	0	0	0	0	0	0	0	0	0	0	0	0	0	0	0	0	0	0	0	0	0	0	0	-28.6805	106.279	-21.1547	13.3554	-1608.5	126.733	0	0	0	0	0	0	0	0	0	0	0	0	0	0	0	0	0	0	0	0	0	0	0	0
0.263459	0	-1	0	-0.17566	8.304	0.991795	0	0	0	0	0	0	0	0	0	0	0	0	0	0	0	0	0	0	0	0	0	0	0	0	0	0	0	0	0	0	0	0	0	0	0	0	0	0	0	0	0	0	0	0	0	0	0	0	8.29633	23.7191	9.5065	-1435.95	-54.401	-380.746	0	0	0	0	0	0	0	0	0	0	0	0	0	0	0	0	0	0	0	0	0	0	0	0
0	-0.17566	0	-1	0	-5.48939	-0.645101	0	0	0	0	0	0	0	0	0	0	0	0	0	0	0	0	0	0	0	0	0	0	0	0	0	0	0	0	0	0	0	0	0	0	0	0	0	0	0	0	0	0	0	0	0	0	0	0	-15.1905	25.5615	-7.02506	-49.3942	-1477.71	253.97	0	0	0	0	0	0	0	0	0	0	0	0	0	0	0	0	0	0	0	0	0	0	0	0
0.130876	0	-1	0	-0.189424	2.17212	0.143938	0	0	0	0	0	0	0	0	0	0	0	0	0	0	0	0	0	0	0	0	0	0	0	0	0	0	0	0	0	0	0	0	0	0	0	0	0	0	0	0	0	0	0	0	0	0	0	0	4.1532	23.2149	10.4714	-1523.09	-30.1879	-196.505	0	0	0	0	0	0	0	0	0	0	0	0	0	0	0	0	0	0	0	0	0	0	0	0
0	-0.189424	0	-1	0	-3.1262	-0.204228	0	0	0	0	0	0	0	0	0	0	0	0	0	0	0	0	0	0	0	0	0	0	0	0	0	0	0	0	0	0	0	0	0	0	0	0	0	0	0	0	0	0	0	0	0	0	0	0	-16.8998	49.4401	-15.3142	-25.2363	-1504.12	285.234	0	0	0	0	0	0	0	0	0	0	0	0	0	0	0	0	0	0	0	0	0	0	0	0
-0.00699104	0	-1	0	-0.20107	-0.104432	-0.00585953	0	0	0	0	0	0	0	0	0	0	0	0	0	0	0	0	0	0	0	0	0	0	0	0	0	0	0	0	0	0	0	0	0	0	0	0	0	0	0	0	0	0	0	0	0	0	0	0	-0.158452	19.9219	4.26791	-1550.96	-3.40037	11.7622	0	0	0	0	0	0	0	0	0	0	0	0	0	0	0	0	0	0	0	0	0	0	0	0
0	-0.20107	0	-1	0	-2.58531	-0.134515	0	0	0	0	0	0	0	0	0	0	0	0	0	0	0	0	0	0	0	0	0	0	0	0	0	0	0	0	0	0	0	0	0	0	0	0	0	0	0	0	0	0	0	0	0	0	0	0	-18.2475	73.1383	-24.1361	1.46714	-1510.33	306.314	0	0	0	0	0	0	0	0	0	0	0	0	0	0	0	0	0	0	0	0	0	0	0	0
-0.144865	0	-1	0	-0.210175	-2.9799	-0.239337	0	0	0	0	0	0	0	0	0	0	0	0	0	0	0	0	0	0	0	0	0	0	0	0	0	0	0	0	0	0	0	0	0	0	0	0	0	0	0	0	0	0	0	0	0	0	0	0	-4.05799	13.9343	-8.67838	-1519.57	26.9632	218.787	0	0	0	0	0	0	0	0	0	0	0	0	0	0	0	0	0	0	0	0	0	0	0	0
0	-0.210175	0	-1	0	-4.24876	-0.335145	0	0	0	0	0	0	0	0	0	0	0	0	0	0	0	0	0	0	0	0	0	0	0	0	0	0	0	0	0	0	0	0	0	0	0	0	0	0	0	0	0	0	0	0	0	0	0	0	-19.1687	95.7223	-32.7395	31.6699	-1495.96	315.188	0	0	0	0	0	0	0	0	0	0	0	0	0	0	0	0	0	0	0	0	0	0	0	0
0.254969	0	-1	0	0.111334	6.90946	0.76282	0	0	0	0	0	0	0	0	0	0	0	0	0	0	0	0	0	0	0	0	0	0	0	0	0	0	0	0	0	0	0	0	0	0	0	0	0	0	0	0	0	0	0	0	0	0	0	0	0	0	0	0	0	0	22.5636	107.35	14.6304	-2175.13	38.5868	-563.684	0	0	0	0	0	0	0	0	0	0	0	0	0	0	0	0	0	0
0	0.111334	0	-1	0	3.01464	0.333104	0	0	0	0	0	0	0	0	0	0	0	0	0	0	0	0	0	0	0	0	0	0	0	0	0	0	0	0	0	0	0	0	0	0	0	0	0	0	0	0	0	0	0	0	0	0	0	0	0	0	0	0	0	0	-8.6559	38.3163	-0.464748	46.1364	-2259.82	-246.927	0	0	0	0	0	0	0	0	0	0	0	0	0	0	0	0	0	0
0.0534002	0	-1	0	0.108199	0.407089	0.013171	0	0	0	0	0	0	0	0	0	0	0	0	0	0	0	0	0	0	0	0	0	0	0	0	0	0	0	0	0	0	0	0	0	0	0	0	0	0	0	0	0	0	0	0	0	0	0	0	0	0	0	0	0	0	-8.1771	106.823	-1.09694	-2234.21	1.20025	-121.136	0	0	0	0	0	0	0	0	0	0	0	0	0	0	0	0	0	0
0	0.108199	0	-1	0	0.829968	0.0270816	0	0	0	0	0	0	0	0	0	0	0	0	0	0	0	0	0	0	0	0	0	0	0	0	0	0	0	0	0	0	0	0	0	0	0	0	0	0	0	0	0	0	0	0	0	0	0	0	0	0	0	0	0	0	-4.02764	75.5792	0.250522	8.33559	-2221.03	-241.944	0	0	0	0	0	0	0	0	0	0	0	0	0	0	0	0	0	0
-0.137412	0	-1	0	0.102486	-1.56429	-0.0771587	0	0	0	0	0	0	0	0	0	0	0	0	0	0	0	0	0	0	0	0	0	0	0	0	0	0	0	0	0	0	0	0	0	0	0	0	0	0	0	0	0	0	0	0	0	0	0	0	0	0	0	0	0	0	-33.9779	97.6607	-28.2661	-2117.31	-26.7977	288.187	0	0	0	0	0	0	0	0	0	0	0	0	0	0	0	0	0	0
0	0.102486	0	-1	0	1.20456	0.0610219	0	0	0	0	0	0	0	0	0	0	0	0	0	0	0	0	0	0	0	0	0	0	0	0	0	0	0	0	0	0	0	0	0	0	0	0	0	0	0	0	0	0	0	0	0	0	0	0	0	0	0	0	0	0	-0.402893	108.224	-0.00568747	-20.2009	-2127.66	-218.177	0	0	0	0	0	0	0	0	0	0	0	0	0	0	0	0	0	0
-0.305892	0	-1	0	0.0950997	-10.2872	-1.3398	0	0	0	0	0	0	0	0	0	0	0	0	0	0	0	0	0	0	0	0	0	0	0	0	0	0	0	0	0	0	0	0	0	0	0	0	0	0	0	0	0	0	0	0	0	0	0	0	0	0	0	0	0	0	-50.5374	83.4089	-58.5972	-1876.7	-49.1454	586.341	0	0	0	0	0	0	0	0	0	0	0	0	0	0	0	0	0	0
0	0.0950997	0	-1	0	3.31653	0.45286	0	0	0	0	0	0	0	0	0	0	0	0	0	0	0	0	0	0	0	0	0	0	0	0	0	0	0	0	0	0	0	0	0	0	0	0	0	0	0	0	0	0	0	0	0	0	0	0	0	0	0	0	0	0	2.33878	134.951	-1.38634	-43.3522	-1997.13	-183.621	0	0	0	0	0	0	0	0	0	0	0	0	0	0	0	0	0	0
0.254239	0	-1	0	-0.0858097	6.32584	0.643469	0	0	0	0	0	0	0	0	0	0	0	0	0	0	0	0	0	0	0	0	0	0	0	0	0	0	0	0	0	0	0	0	0	0	0	0	0	0	0	0	0	0	0	0	0	0	0	0	0	0	0	0	0	0	13.8447	70.0766	9.64108	-2095.97	-40.3638	-541.469	0	0	0	0	0	0	0	0	0	0	0	0	0	0	0	0	0	0
0	-0.0858097	0	-1	0	-2.10119	-0.209416	0	0	0	0	0	0	0	0	0	0	0	0	0	0	0	0	0	0	0	0	0	0	0	0	0	0	0	0	0	0	0	0	0	0	0	0	0	0	0	0	0	0	0	0	0	0	0	0	0	0	0	0	0	0	-23.0972	36.7202	-8.91789	-32.7627	-2184.56	180.738	0	0	0	0	0	0	0	0	0	0	0	0	0	0	0	0	0	0
0.0600637	0	-1	0	-0.0853363	0.388171	0.0104079	0	0	0	0	0	0	0	0	0	0	0	0	0	0	0	0	0	0	0	0	0	0	0	0	0	0	0	0	0	0	0	0	0	0	0	0	0	0	0	0	0	0	0	0	0	0	0	0	0	0	0	0	0	0	-4.48392	68.7254	-3.80374	-2151.37	-14.4015	-129.622	0	0	0	0	0	0	0	0	0	0	0	0	0	0	0	0	0	0
0	-0.0853363	0	-1	0	-0.53181	-0.0139206	0	0	0	0	0	0	0	0	0	0	0	0	0	0	0	0	0	0	0	0	0	0	0	0	0	0	0	0	0	0	0	0	0	0	0	0	0	0	0	0	0	0	0	0	0	0	0	0	0	0	0	0	0	0	-17.4734	69.5554	-14.6954	-7.28037	-2146.73	180.979	0	0	0	0	0	0	0	0	0	0	0	0	0	0	0	0	0	0
-0.124436	0	-1	0	-0.0829521	-1.11414	-0.0430679	0	0	0	0	0	0	0	0	0	0	0	0	0	0	0	0	0	0	0	0	0	0	0	0	0	0	0	0	0	0	0	0	0	0	0	0	0	0	0	0	0	0	0	0	0	0	0	0	0	0	0	0	0	0	-19.8493	60.8087	-27.8626	-2049.56	6.45856	254.059	0	0	0	0	0	0	0	0	0	0	0	0	0	0	0	0	0	0
0	-0.0829521	0	-1	0	-0.728716	-0.0277389	0	0	0	0	0	0	0	0	0	0	0	0	0	0	0	0	0	0	0	0	0	0	0	0	0	0	0	0	0	0	0	0	0	0	0	0	0	0	0	0	0	0	0	0	0	0	0	0	0	0	0	0	0	0	-11.4742	99.1043	-19.351	13.0784	-2060.73	168.484	0	0	0	0	0	0	0	0	0	0	0	0	0	0	0	0	0	0
-0.28881	0	-1	0	-0.0791747	-8.38618	-0.945644	0	0	0	0	0	0	0	0	0	0	0	0	0	0	0	0	0	0	0	0	0	0	0	0	0	0	0	0	0	0	0	0	0	0	0	0	0	0	0	0	0	0	0	0	0	0	0	0	0	0	0	0	0	0	-29.8633	48.8449	-55.5904	-1836.1	24.3633	541.774	0	0	0	0	0	0	0	0	0	0	0	0	0	0	0	0	0	0
0	-0.0791747	0	-1	0	-2.22958	-0.240814	0	0	0	0	0	0	0	0	0	0	0	0	0	0	0	0	0	0	0	0	0	0	0	0	0	0	0	0	0	0	0	0	0	0	0	0	0	0	0	0	0	0	0	0	0	0	0	0	0	0	0	0	0	0	-5.64356	123.956	-22.5038	30.3161	-1941.47	147.787	0	0	0	0	0	0	0	0	0	0	0	0	0	0	0	0	0	0
0.247378	0	-1	0	-0.262338	10.9266	1.85108	0	0	0	0	0	0	0	0	0	0	0	0	0	0	0	0	0	0	0	0	0	0	0	0	0	0	0	0	0	0	0	0	0	0	0	0	0	0	0	0	0	0	0	0	0	0	0	0	0	0	0	0	0	0	5.73457	34.3013	4.48956	-1969.01	-108.325	-479.502	0	0	0	0	0	0	0	0	0	0	0	0	0	0	0	0	0	0
0	-0.262338	0	-1	0	-11.4288	-1.89104	0	0	0	0	0	0	0	0	0	0	0	0	0	0	0	0	0	0	0	0	0	0	0	0	0	0	0	0	0	0	0	0	0	0	0	0	0	0	0	0	0	0	0	0	0	0	0	0	0	0	0	0	0	0	-15.5491	32.0126	-13.2442	-100.96	-1959.47	508.351	0	0	0	0	0	0	0	0	0	0	0	0	0	0	0	0	0	0
0.0647918	0	-1	0	-0.259521	1.58724	0.159615	0	0	0	0	0	0	0	0	0	0	0	0	0	0	0	0	0	0	0	0	0	0	0	0	0	0	0	0	0	0	0	0	0	0	0	0	0	0	0	0	0	0	0	0	0	0	0	0	0	0	0	0	0	0	-1.60807	32.6143	-6.45118	-2029.45	-30.8129	-127.342	0	0	0	0	0	0	0	0	0	0	0	0	0	0	0	0	0	0
0	-0.259521	0	-1	0	-6.12118	-0.57825	0	0	0	0	0	0	0	0	0	0	0	0	0	0	0	0	0	0	0	0	0	0	0	0	0	0	0	0	0	0	0	0	0	0	0	0	0	0	0	0	0	0	0	0	0	0	0	0	0	0	0	0	0	0	-10.1151	60.9557	-23.9304	-24.0504	-1942	511.304	0	0	0	0	0	0	0	0	0	0	0	0	0	0	0	0	0	0
-0.110085	0	-1	0	-0.251002	-2.65494	-0.249324	0	0	0	0	0	0	0	0	0	0	0	0	0	0	0	0	0	0	0	0	0	0	0	0	0	0	0	0	0	0	0	0	0	0	0	0	0	0	0	0	0	0	0	0	0	0	0	0	0	0	0	0	0	0	-7.67782	25.9933	-26.6925	-1944.87	30.353	209.912	0	0	0	0	0	0	0	0	0	0	0	0	0	0	0	0	0	0
0	-0.251002	0	-1	0	-6.10296	-0.58569	0	0	0	0	0	0	0	0	0	0	0	0	0	0	0	0	0	0	0	0	0	0	0	0	0	0	0	0	0	0	0	0	0	0	0	0	0	0	0	0	0	0	0	0	0	0	0	0	0	0	0	0	0	0	-4.27758	87.5484	-32.2106	36.619	-1876.36	476.088	0	0	0	0	0	0	0	0	0	0	0	0	0	0	0	0	0	0
-0.267387	0	-1	0	-0.238436	-11.2097	-1.74793	0	0	0	0	0	0	0	0	0	0	0	0	0	0	0	0	0	0	0	0	0	0	0	0	0	0	0	0	0	0	0	0	0	0	0	0	0	0	0	0	0	0	0	0	0	0	0	0	0	0	0	0	0	0	-11.502	16.1891	-50.5343	-1756.72	81.5784	468.845	0	0	0	0	0	0	0	0	0	0	0	0	0	0	0	0	0	0
0	-0.238436	0	-1	0	-9.94696	-1.54657	0	0	0	0	0	0	0	0	0	0	0	0	0	0	0	0	0	0	0	0	0	0	0	0	0	0	0	0	0	0	0	0	0	0	0	0	0	0	0	0	0	0	0	0	0	0	0	0	0	0	0	0	0	0	1.32756	110.36	-37.157	87.2559	-1777.1	416.773	0	0	0	0	0	0	0	0	0	0	0	0	0	0	0	0	0	0
0.345822	0	-1	0	0.140314	16.8871	3.16153	0	0	0	0	0	0	0	0	0	0	0	0	0	0	0	0	0	0	0	0	0	0	0	0	0	0	0	0	0	0	0	0	0	0	0	0	0	0	0	0	0	0	0	0	0	0	0	0	0	0	0	0	0	0	0	0	0	0	0	0	20.9935	97.05	1.54991	-2023.6	77.6237	-723.637	0	0	0	0	0	0	0	0	0	0	0	0
0	0.140314	0	-1	0	6.84739	1.28326	0	0	0	0	0	0	0	0	0	0	0	0	0	0	0	0	0	0	0	0	0	0	0	0	0	0	0	0	0	0	0	0	0	0	0	0	0	0	0	0	0	0	0	0	0	0	0	0	0	0	0	0	0	0	0	0	0	0	0	0	31.0833	30.5788	11.1259	84.3013	-2198.5	-291.778	0	0	0	0	0	0	0	0	0	0	0	0
0.155666	0	-1	0	0.136513	2.42214	0.159226	0	0	0	0	0	0	0	0	0	0	0	0	0	0	0	0	0	0	0	0	0	0	0	0	0	0	0	0	0	0	0	0	0	0	0	0	0	0	0	0	0	0	0	0	0	0	0	0	0	0	0	0	0	0	0	0	0	0	0	0	-4.12122	97.6401	-18.3705	-2100.68	24.0797	-330.363	0	0	0	0	0	0	0	0	0	0	0	0
0	0.136513	0	-1	0	2.14401	0.142738	0	0	0	0	0	0	0	0	0	0	0	0	0	0	0	0	0	0	0	0	0	0	0	0	0	0	0	0	0	0	0	0	0	0	0	0	0	0	0	0	0	0	0	0	0	0	0	0	0	0	0	0	0	0	0	0	0	0	0	0	39.1616	63.2277	16.5831	30.634	-2108.62	-285.947	0	0	0	0	0	0	0	0	0	0	0	0
-0.01821	0	-1	0	0.129817	-0.112275	-0.00313871	0	0	0	0	0	0	0	0	0	0	0	0	0	0	0	0	0	0	0	0	0	0	0	0	0	0	0	0	0	0	0	0	0	0	0	0	0	0	0	0	0	0	0	0	0	0	0	0	0	0	0	0	0	0	0	0	0	0	0	0	-22.929	90.9485	-44.4085	-1997.39	-8.86597	32.6723	0	0	0	0	0	0	0	0	0	0	0	0
0	0.129817	0	-1	0	0.986052	0.0325669	0	0	0	0	0	0	0	0	0	0	0	0	0	0	0	0	0	0	0	0	0	0	0	0	0	0	0	0	0	0	0	0	0	0	0	0	0	0	0	0	0	0	0	0	0	0	0	0	0	0	0	0	0	0	0	0	0	0	0	0	44.6444	90.1224	20.0787	-2.70845	-1974.93	-257.035	0	0	0	0	0	0	0	0	0	0	0	0
-0.16817	0	-1	0	0.121951	-2.33547	-0.132435	0	0	0	0	0	0	0	0	0	0	0	0	0	0	0	0	0	0	0	0	0	0	0	0	0	0	0	0	0	0	0	0	0	0	0	0	0	0	0	0	0	0	0	0	0	0	0	0	0	0	0	0	0	0	0	0	0	0	0	0	-33.752	81.6284	-70.4574	-1812.35	-30.466	302.643	0	0	0	0	0	0	0	0	0	0	0	0
0	0.121951	0	-1	0	1.77084	0.105865	0	0	0	0	0	0	0	0	0	0	0	0	0	0	0	0	0	0	0	0	0	0	0	0	0	0	0	0	0	0	0	0	0	0	0	0	0	0	0	0	0	0	0	0	0	0	0	0	0	0	0	0	0	0	0	0	0	0	0	0	48.4534	111.573	21.8809	-24.7934	-1826.6	-221.172	0	0	0	0	0	0	0	0	0	0	0	0
0.345734	0	-1	0	-0.0602682	14.7713	2.45747	0	0	0	0	0	0	0	0	0	0	0	0	0	0	0	0	0	0	0	0	0	0	0	0	0	0	0	0	0	0	0	0	0	0	0	0	0	0	0	0	0	0	0	0	0	0	0	0	0	0	0	0	0	0	0	0	0	0	0	0	15.0059	66.7207	0.170563	-2038.97	-42.8397	-733.109	0	0	0	0	0	0	0	0	0	0	0	0
0	-0.0602682	0	-1	0	-2.58344	-0.431376	0	0	0	0	0	0	0	0	0	0	0	0	0	0	0	0	0	0	0	0	0	0	0	0	0	0	0	0	0	0	0	0	0	0	0	0	0	0	0	0	0	0	0	0	0	0	0	0	0	0	0	0	0	0	0	0	0	0	0	0	5.53078	32.8534	-0.940106	-35.3979	-2236.62	127.119	0	0	0	0	0	0	0	0	0	0	0	0
0.154567	0	-1	0	-0.0552408	1.6613	0.0773793	0	0	0	0	0	0	0	0	0	0	0	0	0	0	0	0	0	0	0	0	0	0	0	0	0	0	0	0	0	0	0	0	0	0	0	0	0	0	0	0	0	0	0	0	0	0	0	0	0	0	0	0	0	0	0	0	0	0	0	0	-1.25807	66.622	-18.0427	-2109	-19.1352	-329.942	0	0	0	0	0	0	0	0	0	0	0	0
0	-0.0552408	0	-1	0	-0.611336	-0.0291809	0	0	0	0	0	0	0	0	0	0	0	0	0	0	0	0	0	0	0	0	0	0	0	0	0	0	0	0	0	0	0	0	0	0	0	0	0	0	0	0	0	0	0	0	0	0	0	0	0	0	0	0	0	0	0	0	0	0	0	0	16.5681	62.757	-0.132205	-12.099	-2137.91	116.73	0	0	0	0	0	0	0	0	0	0	0	0
-0.0197688	0	-1	0	-0.0494505	-0.0611588	-0.000670873	0	0	0	0	0	0	0	0	0	0	0	0	0	0	0	0	0	0	0	0	0	0	0	0	0	0	0	0	0	0	0	0	0	0	0	0	0	0	0	0	0	0	0	0	0	0	0	0	0	0	0	0	0	0	0	0	0	0	0	0	-12.835	61.0561	-42.7219	-2002.63	-5.46947	37.1215	0	0	0	0	0	0	0	0	0	0	0	0
0	-0.0494505	0	-1	0	-0.178638	-0.00212687	0	0	0	0	0	0	0	0	0	0	0	0	0	0	0	0	0	0	0	0	0	0	0	0	0	0	0	0	0	0	0	0	0	0	0	0	0	0	0	0	0	0	0	0	0	0	0	0	0	0	0	0	0	0	0	0	0	0	0	0	26.111	88.2652	1.09394	1.09122	-1998.76	98.5953	0	0	0	0	0	0	0	0	0	0	0	0
-0.169963	0	-1	0	-0.0436724	-1.76711	-0.0766259	0	0	0	0	0	0	0	0	0	0	0	0	0	0	0	0	0	0	0	0	0	0	0	0	0	0	0	0	0	0	0	0	0	0	0	0	0	0	0	0	0	0	0	0	0	0	0	0	0	0	0	0	0	0	0	0	0	0	0	0	-18.9989	53.4711	-67.9468	-1816.33	2.75864	308.975	0	0	0	0	0	0	0	0	0	0	0	0
0	-0.0436724	0	-1	0	-0.474838	-0.0216861	0	0	0	0	0	0	0	0	0	0	0	0	0	0	0	0	0	0	0	0	0	0	0	0	0	0	0	0	0	0	0	0	0	0	0	0	0	0	0	0	0	0	0	0	0	0	0	0	0	0	0	0	0	0	0	0	0	0	0	0	33.8864	109.022	2.54602	8.81826	-1846.83	79.7297	0	0	0	0	0	0	0	0	0	0	0	0
0.334969	0	-1	0	-0.254705	21.3649	5.08482	0	0	0	0	0	0	0	0	0	0	0	0	0	0	0	0	0	0	0	0	0	0	0	0	0	0	0	0	0	0	0	0	0	0	0	0	0	0	0	0	0	0	0	0	0	0	0	0	0	0	0	0	0	0	0	0	0	0	0	0	7.4167	34.5298	-2.11069	-1980.27	-162.62	-663.917	0	0	0	0	0	0	0	0	0	0	0	0
0	-0.254705	0	-1	0	-16.2266	-3.84372	0	0	0	0	0	0	0	0	0	0	0	0	0	0	0	0	0	0	0	0	0	0	0	0	0	0	0	0	0	0	0	0	0	0	0	0	0	0	0	0	0	0	0	0	0	0	0	0	0	0	0	0	0	0	0	0	0	0	0	0	-0.0221624	31.2255	-8.23376	-154.829	-2067.75	503.9	0	0	0	0	0	0	0	0	0	0	0	0
0.149671	0	-1	0	-0.242287	4.1094	0.456606	0	0	0	0	0	0	0	0	0	0	0	0	0	0	0	0	0	0	0	0	0	0	0	0	0	0	0	0	0	0	0	0	0	0	0	0	0	0	0	0	0	0	0	0	0	0	0	0	0	0	0	0	0	0	0	0	0	0	0	0	1.37271	34.4537	-17.7711	-2064.79	-61.3291	-304.238	0	0	0	0	0	0	0	0	0	0	0	0
0	-0.242287	0	-1	0	-6.65067	-0.734063	0	0	0	0	0	0	0	0	0	0	0	0	0	0	0	0	0	0	0	0	0	0	0	0	0	0	0	0	0	0	0	0	0	0	0	0	0	0	0	0	0	0	0	0	0	0	0	0	0	0	0	0	0	0	0	0	0	0	0	0	11.7047	58.9532	-12.2918	-54.2009	-2011.14	490.259	0	0	0	0	0	0	0	0	0	0	0	0
-0.0209728	0	-1	0	-0.225011	-0.315978	-0.0175678	0	0	0	0	0	0	0	0	0	0	0	0	0	0	0	0	0	0	0	0	0	0	0	0	0	0	0	0	0	0	0	0	0	0	0	0	0	0	0	0	0	0	0	0	0	0	0	0	0	0	0	0	0	0	0	0	0	0	0	0	-2.44326	30.3624	-40.0813	-1967.15	-1.01921	39.5634	0	0	0	0	0	0	0	0	0	0	0	0
0	-0.225011	0	-1	0	-3.90897	-0.280814	0	0	0	0	0	0	0	0	0	0	0	0	0	0	0	0	0	0	0	0	0	0	0	0	0	0	0	0	0	0	0	0	0	0	0	0	0	0	0	0	0	0	0	0	0	0	0	0	0	0	0	0	0	0	0	0	0	0	0	0	22.26	83.2966	-13.886	5.61661	-1899.7	433.156	0	0	0	0	0	0	0	0	0	0	0	0
-0.168746	0	-1	0	-0.206317	-3.75676	-0.324938	0	0	0	0	0	0	0	0	0	0	0	0	0	0	0	0	0	0	0	0	0	0	0	0	0	0	0	0	0	0	0	0	0	0	0	0	0	0	0	0	0	0	0	0	0	0	0	0	0	0	0	0	0	0	0	0	0	0	0	0	-3.76115	24.6987	-63.4865	-1786.61	36.9243	298.312	0	0	0	0	0	0	0	0	0	0	0	0
0	-0.206317	0	-1	0	-4.73125	-0.429032	0	0	0	0	0	0	0	0	0	0	0	0	0	0	0	0	0	0	0	0	0	0	0	0	0	0	0	0	0	0	0	0	0	0	0	0	0	0	0	0	0	0	0	0	0	0	0	0	0	0	0	0	0	0	0	0	0	0	0	0	30.9466	103.424	-13.4195	43.0972	-1767.06	364.915	0	0	0	0	0	0	0	0	0	0	0	0
0.175246	0	-1	0	0.205986	3.99203	0.349968	0	0	0	0	0	0	0	0	0	0	0	0	0	0	0	0	0	0	0	0	0	0	0	0	0	0	0	0	0	0	0	0	0	0	0	0	0	0	0	0	0	0	0	0	0	0	0	0	0	0	0	0	0	0	0	0	0	0	0	0	0	0	0	0	0	0	1.07038	-59.2893	17.9191	-1314.74	29.3479	-230.133	0	0	0	0	0	0
0	0.205986	0	-1	0	4.58688	0.390983	0	0	0	0	0	0	0	0	0	0	0	0	0	0	0	0	0	0	0	0	0	0	0	0	0	0	0	0	0	0	0	0	0	0	0	0	0	0	0	0	0	0	0	0	0	0	0	0	0	0	0	0	0	0	0	0	0	0	0	0	0	0	0	0	0	0	62.87	-27.9929	-1.68352	33.3243	-1304.81	-268.355	0	0	0	0	0	0
0.0612415	0	-1	0	0.171653	0.67213	0.0299258	0	0	0	0	0	0	0	0	0	0	0	0	0	0	0	0	0	0	0	0	0	0	0	0	0	0	0	0	0	0	0	0	0	0	0	0	0	0	0	0	0	0	0	0	0	0	0	0	0	0	0	0	0	0	0	0	0	0	0	0	0	0	0	0	0	0	-8.469	-55.8015	24.5591	-1323.94	5.17241	-81.4885	0	0	0	0	0	0
0	0.171653	0	-1	0	1.75832	0.0724685	0	0	0	0	0	0	0	0	0	0	0	0	0	0	0	0	0	0	0	0	0	0	0	0	0	0	0	0	0	0	0	0	0	0	0	0	0	0	0	0	0	0	0	0	0	0	0	0	0	0	0	0	0	0	0	0	0	0	0	0	0	0	0	0	0	0	64.821	-49.2454	-8.35717	9.27068	-1302.21	-224.428	0	0	0	0	0	0
-0.0496013	0	-1	0	0.136861	-0.313441	-0.00802658	0	0	0	0	0	0	0	0	0	0	0	0	0	0	0	0	0	0	0	0	0	0	0	0	0	0	0	0	0	0	0	0	0	0	0	0	0	0	0	0	0	0	0	0	0	0	0	0	0	0	0	0	0	0	0	0	0	0	0	0	0	0	0	0	0	0	-17.032	-52.1684	35.0273	-1297.35	-9.44096	62.9349	0	0	0	0	0	0
0	0.136861	0	-1	0	0.915284	0.0250549	0	0	0	0	0	0	0	0	0	0	0	0	0	0	0	0	0	0	0	0	0	0	0	0	0	0	0	0	0	0	0	0	0	0	0	0	0	0	0	0	0	0	0	0	0	0	0	0	0	0	0	0	0	0	0	0	0	0	0	0	0	0	0	0	0	0	66.0315	-69.3948	-13.3056	-5.31398	-1283.97	-175.855	0	0	0	0	0	0
-0.154617	0	-1	0	0.10268	-1.60396	-0.0657984	0	0	0	0	0	0	0	0	0	0	0	0	0	0	0	0	0	0	0	0	0	0	0	0	0	0	0	0	0	0	0	0	0	0	0	0	0	0	0	0	0	0	0	0	0	0	0	0	0	0	0	0	0	0	0	0	0	0	0	0	0	0	0	0	0	0	-24.046	-48.5295	48.2384	-1242.87	-16.7084	191.956	0	0	0	0	0	0
0	0.10268	0	-1	0	1.04494	0.0415176	0	0	0	0	0	0	0	0	0	0	0	0	0	0	0	0	0	0	0	0	0	0	0	0	0	0	0	0	0	0	0	0	0	0	0	0	0	0	0	0	0	0	0	0	0	0	0	0	0	0	0	0	0	0	0	0	0	0	0	0	0	0	0	0	0	0	66.7763	-88.1031	-16.5491	-12.6026	-1253.69	-127.517	0	0	0	0	0	0
0.20602	0	-1	0	0.106216	3.4754	0.232753	0	0	0	0	0	0	0	0	0	0	0	0	0	0	0	0	0	0	0	0	0	0	0	0	0	0	0	0	0	0	0	0	0	0	0	0	0	0	0	0	0	0	0	0	0	0	0	0	0	0	0	0	0	0	0	0	0	0	0	0	0	0	0	0	0	0	2.41938	-39.689	12.9452	-1390.6	16.5336	-290.031	0	0	0	0	0	0
0	0.106216	0	-1	0	1.76934	0.116724	0	0	0	0	0	0	0	0	0	0	0	0	0	0	0	0	0	0	0	0	0	0	0	0	0	0	0	0	0	0	0	0	0	0	0	0	0	0	0	0	0	0	0	0	0	0	0	0	0	0	0	0	0	0	0	0	0	0	0	0	0	0	0	0	0	0	41.6191	-28.675	-2.14222	20.9372	-1421.11	-148.097	0	0	0	0	0	0
0.0841719	0	-1	0	0.0708915	0.402599	0.00836575	0	0	0	0	0	0	0	0	0	0	0	0	0	0	0	0	0	0	0	0	0	0	0	0	0	0	0	0	0	0	0	0	0	0	0	0	0	0	0	0	0	0	0	0	0	0	0	0	0	0	0	0	0	0	0	0	0	0	0	0	0	0	0	0	0	0	-5.44393	-35.6372	19.8626	-1405.88	1.01245	-119.236	0	0	0	0	0	0
0	0.0708915	0	-1	0	0.328381	0.00665048	0	0	0	0	0	0	0	0	0	0	0	0	0	0	0	0	0	0	0	0	0	0	0	0	0	0	0	0	0	0	0	0	0	0	0	0	0	0	0	0	0	0	0	0	0	0	0	0	0	0	0	0	0	0	0	0	0	0	0	0	0	0	0	0	0	0	44.8503	-51.2138	-7.06859	5.49386	-1408	-98.7564	0	0	0	0	0	0
-0.0341009	0	-1	0	0.0361477	-0.0579585	-0.000396072	0	0	0	0	0	0	0	0	0	0	0	0	0	0	0	0	0	0	0	0	0	0	0	0	0	0	0	0	0	0	0	0	0	0	0	0	0	0	0	0	0	0	0	0	0	0	0	0	0	0	0	0	0	0	0	0	0	0	0	0	0	0	0	0	0	0	-12.311	-31.7614	31.3823	-1378.46	-5.24579	46.1904	0	0	0	0	0	0
0	0.0361477	0	-1	0	0.0596999	0.000399806	0	0	0	0	0	0	0	0	0	0	0	0	0	0	0	0	0	0	0	0	0	0	0	0	0	0	0	0	0	0	0	0	0	0	0	0	0	0	0	0	0	0	0	0	0	0	0	0	0	0	0	0	0	0	0	0	0	0	0	0	0	0	0	0	0	0	47.6416	-72.5208	-10.228	-0.777475	-1378.3	-49.0031	0	0	0	0	0	0
-0.145692	0	-1	0	0.00297292	-1.00564	-0.0288858	0	0	0	0	0	0	0	0	0	0	0	0	0	0	0	0	0	0	0	0	0	0	0	0	0	0	0	0	0	0	0	0	0	0	0	0	0	0	0	0	0	0	0	0	0	0	0	0	0	0	0	0	0	0	0	0	0	0	0	0	0	0	0	0	0	0	-17.77	-28.138	46.1092	-1318.16	-4.389	192.581	0	0	0	0	0	0
0	0.00297294	0	-1	0	-0.00715112	-0.00117806	0	0	0	0	0	0	0	0	0	0	0	0	0	0	0	0	0	0	0	0	0	0	0	0	0	0	0	0	0	0	0	0	0	0	0	0	0	0	0	0	0	0	0	0	0	0	0	0	0	0	0	0	0	0	0	0	0	0	0	0	0	0	0	0	0	0	50.0952	-92.1471	-11.839	0.0221104	-1336	-3.30961	0	0	0	0	0	0
0.238959	0	-1	0	-0.00750385	4.31826	0.31073	0	0	0	0	0	0	0	0	0	0	0	0	0	0	0	0	0	0	0	0	0	0	0	0	0	0	0	0	0	0	0	0	0	0	0	0	0	0	0	0	0	0	0	0	0	0	0	0	0	0	0	0	0	0	0	0	0	0	0	0	0	0	0	0	0	0	1.66518	-17.6193	7.03221	-1459.76	-6.70392	-355.565	0	0	0	0	0	0
0	-0.00750385	0	-1	0	-0.120203	-0.0071399	0	0	0	0	0	0	0	0	0	0	0	0	0	0	0	0	0	0	0	0	0	0	0	0	0	0	0	0	0	0	0	0	0	0	0	0	0	0	0	0	0	0	0	0	0	0	0	0	0	0	0	0	0	0	0	0	0	0	0	0	0	0	0	0	0	0	22.086	-28.1766	-1.9218	-1.94192	-1518.48	12.2452	0	0	0	0	0	0
0.109329	0	-1	0	-0.0433071	0.578329	0.0132827	0	0	0	0	0	0	0	0	0	0	0	0	0	0	0	0	0	0	0	0	0	0	0	0	0	0	0	0	0	0	0	0	0	0	0	0	0	0	0	0	0	0	0	0	0	0	0	0	0	0	0	0	0	0	0	0	0	0	0	0	0	0	0	0	0	0	-3.41933	-12.8742	14.1766	-1485.08	-9.21017	-163.251	0	0	0	0	0	0
0	-0.0433071	0	-1	0	-0.215098	-0.00463667	0	0	0	0	0	0	0	0	0	0	0	0	0	0	0	0	0	0	0	0	0	0	0	0	0	0	0	0	0	0	0	0	0	0	0	0	0	0	0	0	0	0	0	0	0	0	0	0	0	0	0	0	0	0	0	0	0	0	0	0	0	0	0	0	0	0	27.0289	-52.0947	-4.32608	-4.40925	-1494.7	65.4891	0	0	0	0	0	0
-0.0164355	0	-1	0	-0.0771837	-0.06165	-0.000913713	0	0	0	0	0	0	0	0	0	0	0	0	0	0	0	0	0	0	0	0	0	0	0	0	0	0	0	0	0	0	0	0	0	0	0	0	0	0	0	0	0	0	0	0	0	0	0	0	0	0	0	0	0	0	0	0	0	0	0	0	0	0	0	0	0	0	-7.61351	-8.71273	26.7791	-1458.26	-3.35778	23.4844	0	0	0	0	0	0
0	-0.0771837	0	-1	0	-0.239375	-0.00320382	0	0	0	0	0	0	0	0	0	0	0	0	0	0	0	0	0	0	0	0	0	0	0	0	0	0	0	0	0	0	0	0	0	0	0	0	0	0	0	0	0	0	0	0	0	0	0	0	0	0	0	0	0	0	0	0	0	0	0	0	0	0	0	0	0	0	31.6818	-74.6184	-5.09457	1.39115	-1452.81	113.135	0	0	0	0	0	0
-0.134622	0	-1	0	-0.108286	-1.29928	-0.0516901	0	0	0	0	0	0	0	0	0	0	0	0	0	0	0	0	0	0	0	0	0	0	0	0	0	0	0	0	0	0	0	0	0	0	0	0	0	0	0	0	0	0	0	0	0	0	0	0	0	0	0	0	0	0	0	0	0	0	0	0	0	0	0	0	0	0	-10.7358	-5.12179	43.063	-1391.92	8.97962	187.281	0	0	0	0	0	0
0	-0.108286	0	-1	0	-1.06276	-0.0432944	0	0	0	0	0	0	0	0	0	0	0	0	0	0	0	0	0	0	0	0	0	0	0	0	0	0	0	0	0	0	0	0	0	0	0	0	0	0	0	0	0	0	0	0	0	0	0	0	0	0	0	0	0	0	0	0	0	0	0	0	0	0	0	0	0	0	35.9648	-95.1484	-4.69706	13.6396	-1397.26	151.539	0	0	0	0	0	0
0.197417	0	-1	0	0.199674	4.82319	0.449387	0	0	0	0	0	0	0	0	0	0	0	0	0	0	0	0	0	0	0	0	0	0	0	0	0	0	0	0	0	0	0	0	0	0	0	0	0	0	0	0	0	0	0	0	0	0	0	0	0	0	0	0	0	0	0	0	0	0	0	0	0	0	0	0	0	0	0	0	0	0	0	0	13.414	-55.0065	10.423	-1298.66	32.1919	-256.516
0	0.199674	0	-1	0	4.7859	0.435321	0	0	0	0	0	0	0	0	0	0	0	0	0	0	0	0	0	0	0	0	0	0	0	0	0	0	0	0	0	0	0	0	0	0	0	0	0	0	0	0	0	0	0	0	0	0	0	0	0	0	0	0	0	0	0	0	0	0	0	0	0	0	0	0	0	0	0	0	0	0	0	0	55.4614	-28.4203	-7.63945	36.1866	-1298.65	-257.871
0.0826092	0	-1	0	0.170437	0.94909	0.0438705	0	0	0	0	0	0	0	0	0	0	0	0	0	0	0	0	0	0	0	0	0	0	0	0	0	0	0	0	0	0	0	0	0	0	0	0	0	0	0	0	0	0	0	0	0	0	0	0	0	0	0	0	0	0	0	0	0	0	0	0	0	0	0	0	0	0	0	0	0	0	0	0	4.02689	-52.9808	14.0168	-1341.69	8.1863	-110.827
0	0.170437	0	-1	0	1.88195	0.0832148	0	0	0	0	0	0	0	0	0	0	0	0	0	0	0	0	0	0	0	0	0	0	0	0	0	0	0	0	0	0	0	0	0	0	0	0	0	0	0	0	0	0	0	0	0	0	0	0	0	0	0	0	0	0	0	0	0	0	0	0	0	0	0	0	0	0	0	0	0	0	0	0	56.3497	-51.0618	-14.607	12.3765	-1322.7	-226.028
-0.0341025	0	-1	0	0.139244	-0.219979	-0.00593361	0	0	0	0	0	0	0	0	0	0	0	0	0	0	0	0	0	0	0	0	0	0	0	0	0	0	0	0	0	0	0	0	0	0	0	0	0	0	0	0	0	0	0	0	0	0	0	0	0	0	0	0	0	0	0	0	0	0	0	0	0	0	0	0	0	0	0	0	0	0	0	0	-5.21349	-50.5683	22.4627	-1346.4	-8.21441	44.7467
0	0.139244	0	-1	0	0.927483	0.0256278	0	0	0	0	0	0	0	0	0	0	0	0	0	0	0	0	0	0	0	0	0	0	0	0	0	0	0	0	0	0	0	0	0	0	0	0	0	0	0	0	0	0	0	0	0	0	0	0	0	0	0	0	0	0	0	0	0	0	0	0	0	0	0	0	0	0	0	0	0	0	0	0	56.4685	-73.4364	-20.1185	-3.91331	-1331.02	-185.493
-0.149348	0	-1	0	0.10708	-1.56619	-0.0662417	0	0	0	0	0	0	0	0	0	0	0	0	0	0	0	0	0	0	0	0	0	0	0	0	0	0	0	0	0	0	0	0	0	0	0	0	0	0	0	0	0	0	0	0	0	0	0	0	0	0	0	0	0	0	0	0	0	0	0	0	0	0	0	0	0	0	0	0	0	0	0	0	-13.4351	-47.8449	35.2001	-1315.29	-17.8984	196.139
0	0.10708	0	-1	0	1.09813	0.044872	0	0	0	0	0	0	0	0	0	0	0	0	0	0	0	0	0	0	0	0	0	0	0	0	0	0	0	0	0	0	0	0	0	0	0	0	0	0	0	0	0	0	0	0	0	0	0	0	0	0	0	0	0	0	0	0	0	0	0	0	0	0	0	0	0	0	0	0	0	0	0	0	56.0727	-94.9887	-23.9217	-13.5377	-1324.78	-140.515
0.236204	0	-1	0	0.0972548	4.79313	0.379245	0	0	0	0	0	0	0	0	0	0	0	0	0	0	0	0	0	0	0	0	0	0	0	0	0	0	0	0	0	0	0	0	0	0	0	0	0	0	0	0	0	0	0	0	0	0	0	0	0	0	0	0	0	0	0	0	0	0	0	0	0	0	0	0	0	0	0	0	0	0	0	0	11.4878	-35.8078	5.51229	-1354	17.3561	-324.829
0	0.0972548	0	-1	0	1.93405	0.14886	0	0	0	0	0	0	0	0	0	0	0	0	0	0	0	0	0	0	0	0	0	0	0	0	0	0	0	0	0	0	0	0	0	0	0	0	0	0	0	0	0	0	0	0	0	0	0	0	0	0	0	0	0	0	0	0	0	0	0	0	0	0	0	0	0	0	0	0	0	0	0	0	34.7429	-29.2842	-5.63717	21.6837	-1398.85	-132.735
0.115515	0	-1	0	0.0653857	0.729649	0.0197383	0	0	0	0	0	0	0	0	0	0	0	0	0	0	0	0	0	0	0	0	0	0	0	0	0	0	0	0	0	0	0	0	0	0	0	0	0	0	0	0	0	0	0	0	0	0	0	0	0	0	0	0	0	0	0	0	0	0	0	0	0	0	0	0	0	0	0	0	0	0	0	0	4.08773	-32.6032	8.44529	-1410.15	2.28248	-163.734
0	0.0653857	0	-1	0	0.398975	0.0104297	0	0	0	0	0	0	0	0	0	0	0	0	0	0	0	0	0	0	0	0	0	0	0	0	0	0	0	0	0	0	0	0	0	0	0	0	0	0	0	0	0	0	0	0	0	0	0	0	0	0	0	0	0	0	0	0	0	0	0	0	0	0	0	0	0	0	0	0	0	0	0	0	36.2326	-53.0368	-10.6535	6.79383	-1418.69	-91.5052
-0.00766187	0	-1	0	0.0325002	-0.0107239	-5.13758e-05	0	0	0	0	0	0	0	0	0	0	0	0	0	0	0	0	0	0	0	0	0	0	0	0	0	0	0	0	0	0	0	0	0	0	0	0	0	0	0	0	0	0	0	0	0	0	0	0	0	0	0	0	0	0	0	0	0	0	0	0	0	0	0	0	0	0	0	0	0	0	0	0	-2.96216	-29.2275	17.0568	-1421.78	-4.70182	10.4077
0	0.0325002	0	-1	0	0.0499599	0.000251055	0	0	0	0	0	0	0	0	0	0	0	0	0	0	0	0	0	0	0	0	0	0	0	0	0	0	0	0	0	0	0	0	0	0	0	0	0	0	0	0	0	0	0	0	0	0	0	0	0	0	0	0	0	0	0	0	0	0	0	0	0	0	0	0	0	0	0	0	0	0	0	0	37.4152	-76.5106	-14.062	-0.100851	-1421.02	-45.288
-0.129435	0	-1	0	-0.000342152	-0.768672	-0.0195787	0	0	0	0	0	0	0	0	0	0	0	0	0	0	0	0	0	0	0	0	0	0	0	0	0	0	0	0	0	0	0	0	0	0	0	0	0	0	0	0	0	0	0	0	0	0	0	0	0	0	0	0	0	0	0	0	0	0	0	0	0	0	0	0	0	0	0	0	0	0	0	0	-8.9856	-25.7796	30.7331	-1392.09	-4.31727	180.576
0	-0.000342144	0	-1	0	-0.0168244	-0.000819474	0	0	0	0	0	0	0	0	0	0	0	0	0	0	0	0	0	0	0	0	0	0	0	0	0	0	0	0	0	0	0	0	0	0	0	0	0	0	0	0	0	0	0	0	0	0	0	0	0	0	0	0	0	0	0	0	0	0	0	0	0	0	0	0	0	0	0	0	0	0	0	0	38.4138	-99.0212	-15.8119	0.317921	-1407.02	1.25661
0.276775	0	-1	0	-0.0167867	6.67193	0.624208	0	0	0	0	0	0	0	0	0	0	0	0	0	0	0	0	0	0	0	0	0	0	0	0	0	0	0	0	0	0	0	0	0	0	0	0	0	0	0	0	0	0	0	0	0	0	0	0	0	0	0	0	0	0	0	0	0	0	0	0	0	0	0	0	0	0	0	0	0	0	0	0	6.52845	-15.0883	0.189232	-1396.09	-9.67415	-395.853
0	-0.0167867	0	-1	0	-0.420312	-0.0414291	0	0	0	0	0	0	0	0	0	0	0	0	0	0	0	0	0	0	0	0	0	0	0	0	0	0	0	0	0	0	0	0	0	0	0	0	0	0	0	0	0	0	0	0	0	0	0	0	0	0	0	0	0	0	0	0	0	0	0	0	0	0	0	0	0	0	0	0	0	0	0	0	16.747	-28.3135	-3.34574	-5.11004	-1474.1	24.8678
0.150881	0	-1	0	-0.0514886	1.30649	0.0477954	0	0	0	0	0	0	0	0	0	0	0	0	0	0	0	0	0	0	0	0	0	0	0	0	0	0	0	0	0	0	0	0	0	0	0	0	0	0	0	0	0	0	0	0	0	0	0	0	0	0	0	0	0	0	0	0	0	0	0	0	0	0	0	0	0	0	0	0	0	0	0	0	1.98958	-10.3827	2.18047	-1469.91	-12.3396	-222.925
0	-0.0514886	0	-1	0	-0.439318	-0.015786	0	0	0	0	0	0	0	0	0	0	0	0	0	0	0	0	0	0	0	0	0	0	0	0	0	0	0	0	0	0	0	0	0	0	0	0	0	0	0	0	0	0	0	0	0	0	0	0	0	0	0	0	0	0	0	0	0	0	0	0	0	0	0	0	0	0	0	0	0	0	0	0	19.3303	-53.0654	-5.69463	-7.59444	-1489.31	77.0323
0.0216741	0	-1	0	-0.085949	0.0758319	0.00117313	0	0	0	0	0	0	0	0	0	0	0	0	0	0	0	0	0	0	0	0	0	0	0	0	0	0	0	0	0	0	0	0	0	0	0	0	0	0	0	0	0	0	0	0	0	0	0	0	0	0	0	0	0	0	0	0	0	0	0	0	0	0	0	0	0	0	0	0	0	0	0	0	-1.90674	-5.75686	10.6936	-1491.08	-6.51074	-32.1692
0	-0.085949	0	-1	0	-0.311482	-0.00490102	0	0	0	0	0	0	0	0	0	0	0	0	0	0	0	0	0	0	0	0	0	0	0	0	0	0	0	0	0	0	0	0	0	0	0	0	0	0	0	0	0	0	0	0	0	0	0	0	0	0	0	0	0	0	0	0	0	0	0	0	0	0	0	0	0	0	0	0	0	0	0	0	21.9603	-77.5382	-6.31462	-1.69494	-1484.49	128.669
-0.106275	0	-1	0	-0.119026	-0.922841	-0.0336676	0	0	0	0	0	0	0	0	0	0	0	0	0	0	0	0	0	0	0	0	0	0	0	0	0	0	0	0	0	0	0	0	0	0	0	0	0	0	0	0	0	0	0	0	0	0	0	0	0	0	0	0	0	0	0	0	0	0	0	0	0	0	0	0	0	0	0	0	0	0	0	0	-4.78133	-1.34053	25.0616	-1463.82	7.40945	155.303
0	-0.119026	0	-1	0	-1.02651	-0.0373186	0	0	0	0	0	0	0	0	0	0	0	0	0	0	0	0	0	0	0	0	0	0	0	0	0	0	0	0	0	0	0	0	0	0	0	0	0	0	0	0	0	0	0	0	0	0	0	0	0	0	0	0	0	0	0	0	0	0	0	0	0	0	0	0	0	0	0	0	0	0	0	0	24.5909	-100.871	-5.44328	12.2344	-1460.84	174.654
